-1
-1
-1
-1
-1
-1
-1
-1
-1
-1
-1
-1
-1
-1
-1
-1
-1
-1
-1
-1
-1
-1
-1
-1
-1
-1
-1
-1
-1
-10.5048 0.4653
0.5029 0.4701
0.517 0.466
0.5904 0.5298
0.5789 0.5287
0.5779 0.5224
0.5717 0.5192
0.578 0.498
0.5613 0.5303
0.5613 0.5303
0.5507 0.5334
0.5449 0.541
0.5453 0.5383
0.5451 0.5382
0.5463 0.538
0.5331 0.5193
0.5181 0.5326
0.5193 0.5312
0.5213 0.5294
0.52 0.5931
0.5214 0.592
0.5214 0.592
0.5646 0.6244
0.4837 0.6312
0.7092 0.5772
0.4848 0.6358
0.4837 0.6291
0.4798 0.6249
0.4741 0.6235
0.4716 0.6242
0.465 0.6282
0.4633 0.628
0.4633 0.628
0.4633 0.628
0.4627 0.6277
0.4623 0.6241
0.4625 0.6195
0.463 0.622
0.5594 0.5902
0.5608 0.585
0.5593 0.5369
0.648 0.8365
0.6484 0.8809
0.5799 0.5818
0.5683 0.5608
0.559 0.5583
0.5704 0.4975
0.556 0.5123
0.556 0.5123
0.5513 0.5102
0.5446 0.5108
0.5436 0.5063
0.5436 0.5063
0.5447 0.5003
0.5418 0.5378
0.5532 0.5148
0.5532 0.5148
0.5459 0.5886
0.5442 0.5765
0.5448 0.5877
0.5448 0.5877
0.5454 0.5763
0.6305 0.5119
0.5735 0.6155
0.559 0.6093
0.5533 0.5943
0.5596 0.6044
0.5613 0.5972
0.5613 0.5972
0.455 0.6339
0.4555 0.6326
0.4588 0.6332
0.4588 0.6332
0.4615 0.6345
0.462 0.6334
0.4619 0.6327
0.4619 0.6323
0.4618 0.6318
0.4618 0.6306
0.4615 0.6301
0.4615 0.6291
0.4665 0.6297
0.4674 0.6246
0.4678 0.6241
0.4679 0.6242
0.5524 0.5382
0.5507 0.5309
0.5478 0.5282
0.5465 0.5288
0.5457 0.5306
0.5457 0.5306
0.5457 0.5309
0.5454 0.5343
0.5444 0.5363
0.5446 0.5368
0.5446 0.5368
0.5443 0.5367
0.547 0.5278
0.5426 0.5394
0.5425 0.5402
0.5414 0.5421
0.5409 0.5438
0.5412 0.5434
0.5412 0.5434
0.5418 0.542
0.5429 0.543
0.5435 0.5404
0.5439 0.539
0.5449 0.5364
0.5447 0.5365
0.5498 0.5374
0.5497 0.5287
0.5489 0.5306
0.5492 0.5256
0.549 0.5259
0.5493 0.525
0.5463 0.5321
0.5454 0.5355
0.5452 0.5353
0.5456 0.5335
0.5495 0.5333
0.5509 0.5423
0.5484 0.5366
0.5511 0.553
0.5571 0.5193
0.5278 0.5389
0.5247 0.5432
0.5238 0.5444
0.5269 0.5374
0.5246 0.5416
0.5241 0.5423
0.5329 0.5313
0.5454 0.5285
0.5458 0.5303
0.5458 0.5303
0.5453 0.531
0.544 0.5344
0.5442 0.5355
0.5442 0.5355
0.5439 0.536
0.5442 0.5347
0.5444 0.536
0.5444 0.5339
0.5446 0.5325
0.5448 0.5335
0.5449 0.5326
0.5449 0.5333
0.5445 0.5335
0.5447 0.5321
0.5439 0.5325
0.5439 0.5325
0.5426 0.5324
0.5421 0.5321
0.5414 0.5321
0.5414 0.5322
0.5415 0.5321
0.5418 0.5314
0.5421 0.5313
0.5421 0.5313
0.5425 0.5306
0.5423 0.5298
0.5424 0.5296
0.5425 0.5297
0.5432 0.5273
0.5432 0.5282
0.5427 0.5247
0.5427 0.5247
0.5432 0.5281
0.5431 0.5282
0.5429 0.5282
0.5426 0.5292
0.5421 0.5302
0.5417 0.5347
0.5456 0.6547
0.5456 0.6547
0.5328 0.6416
0.5954 0.6279
0.5805 0.5886
0.5789 0.5821
0.5684 0.558
0.5602 0.5447
0.5573 0.5428
0.5553 0.5395
0.5462 0.5299
0.5427 0.5278
0.5423 0.5287
0.5419 0.5301
0.5419 0.5308
0.5417 0.5309
0.5418 0.5308
0.5418 0.5306
0.542 0.5305
0.542 0.5305
0.542 0.5305
0.5419 0.531
0.5414 0.5273
0.5415 0.5293
0.5413 0.5293
0.5413 0.5298
0.5416 0.5291
0.5415 0.5297
0.5417 0.53
0.542 0.5309
0.5423 0.5306
0.5427 0.531
0.5427 0.531
0.5428 0.5315
0.543 0.5317
0.543 0.5316
0.543 0.5317
0.543 0.5318
0.543 0.5319
0.5432 0.5317
0.5435 0.5327
0.5437 0.5318
0.5436 0.5311
0.5435 0.53
0.5435 0.53
0.5437 0.5281
0.5444 0.5258
0.5443 0.5254
0.5444 0.5248
0.5446 0.5246
0.5449 0.5254
0.5444 0.5258
0.5444 0.5261
0.5442 0.5266
0.5438 0.5269
0.5434 0.5272
0.543 0.5268
0.5425 0.5267
0.5419 0.5264
0.5417 0.5263
0.5415 0.5264
0.5409 0.5269
0.5482 0.5278
0.5482 0.5278
0.5519 0.5272
0.5517 0.5259
0.55 0.5268
0.5495 0.5271
0.5495 0.5246
0.6085 0.4766
0.6108 0.4694
0.6108 0.4694
0.5991 0.4824
0.5746 0.5136
0.5629 0.5213
0.5629 0.5213
0.5855 0.5074
0.6053 0.5529
0.5981 0.5079
0.6077 0.4954
0.6222 0.4684
0.6103 0.4909
0.6685 0.4643
0.6685 0.4643
0.6955 0.4508
0.6932 0.4422
0.6912 0.443
0.6904 0.4445
0.8062 0.358
0.7033 0.4565
0.6855 0.4856
0.68 0.4941
0.6767 0.5018
0.6347 0.5325
0.6347 0.5325
0.6353 0.5328
0.6375 0.5332
0.6383 0.533
0.6815 0.5219
0.6834 0.5308
0.6453 0.574
0.686 0.5467
0.6931 0.5407
0.7014 0.5327
0.718 0.5003
0.743 0.4524
0.743 0.4524
0.6544 0.5383
0.6631 0.5439
0.7271 0.5058
0.716 0.534
0.7132 0.6145
0.67 0.6654
0.6642 0.7139
0.7069 0.6304
0.7069 0.6304
0.7194 0.5817
0.77 0.4827
0.805 0.4233
0.7022 0.5343
0.7236 0.5012
0.7102 0.5248
0.7866 0.4732
0.7038 0.5373
0.7559 0.5179
0.7028 0.541
0.7599 0.5179
0.7599 0.5179
0.7542 0.5208
0.7599 0.5102
0.7715 0.5051
0.7823 0.4874
0.7782 0.4903
0.7698 0.5086
0.7698 0.5086
0.7452 0.5353
0.7337 0.5537
0.727 0.5506
0.727 0.5506
0.7602 0.5235
0.7324 0.5505
0.6893 0.5638
0.722 0.546
0.6872 0.5672
0.6862 0.564
0.686 0.5606
0.6859 0.5603
0.6862 0.558
0.6862 0.5562
0.7208 0.5334
0.6843 0.5561
0.71 0.5315
0.6709 0.5543
0.699 0.5256
0.6986 0.5249
0.6967 0.5198
0.6961 0.5195
0.6964 0.5866
0.6964 0.5866
0.6892 0.5206
0.6816 0.5152
0.6531 0.543
0.6777 0.51
0.6958 0.4592
0.7001 0.4357
0.6943 0.4352
0.6866 0.436
0.6844 0.4132
0.5987 0.5159
0.5967 0.5168
0.5967 0.5168
0.6761 0.4065
0.5868 0.5151
0.5834 0.5115
0.6572 0.3992
0.5783 0.5064
0.6511 0.4018
0.6511 0.4018
0.5769 0.5056
0.6412 0.4049
0.625 0.4183
0.6078 0.4753
0.6078 0.4753
0.6078 0.4753
0.634 0.4827
0.6214 0.4726
0.612 0.4557
0.5904 0.4708
0.6041 0.4413
0.6041 0.4413
0.5415 0.5191
0.6145 0.4236
0.6157 0.4211
0.6157 0.4212
0.6155 0.4225
0.6151 0.4237
0.6133 0.4262
0.5376 0.5249
0.6105 0.4307
0.6087 0.435
0.6075 0.4369
0.6075 0.4369
0.6067 0.4392
0.6067 0.4418
0.6068 0.4425
0.6068 0.4425
0.6067 0.4434
0.6066 0.4449
0.6068 0.4453
0.6068 0.4453
0.5362 0.5375
0.5364 0.5374
0.5366 0.5372
0.5368 0.5372
0.5368 0.5372
0.5371 0.5372
0.5373 0.5373
0.6907 0.3487
0.5381 0.5372
0.5382 0.5372
0.6137 0.4444
0.5386 0.5373
0.5389 0.5365
0.5391 0.5358
0.5394 0.5354
0.5395 0.5351
0.5397 0.5349
0.5397 0.5352
0.5397 0.5352
0.5395 0.5358
0.5392 0.5363
0.5382 0.5334
0.5379 0.5347
0.5376 0.5351
0.5374 0.5348
0.5375 0.534
0.5377 0.5334
0.5386 0.5337
0.5402 0.5302
0.5407 0.5311
0.5407 0.5311
0.5411 0.5315
0.5409 0.5328
0.5407 0.5334
0.539 0.5289
0.5392 0.5337
0.5386 0.5355
0.5382 0.5365
0.5382 0.5367
0.5382 0.5382
0.5383 0.5323
0.538 0.5353
0.5881 0.4628
0.5355 0.5387
0.5712 0.4752
0.57 0.4777
0.567 0.5284
0.5654 0.5192
0.5639 0.5053
0.5639 0.5053
0.5512 0.5343
0.55 0.5415
0.5498 0.5428
0.5498 0.5428
0.5166 0.5975
0.5933 0.4948
0.5296 0.573
0.5266 0.5804
0.4639 0.6604
0.4645 0.6629
0.4815 0.6343
0.5051 0.5937
0.4852 0.6233
0.5126 0.5807
0.5126 0.5807
0.5126 0.5807
0.535 0.541
0.5807 0.5684
0.5807 0.5684
0.576 0.9286
0.5044 0.6227
0.5028 0.6043
0.5012 0.5962
0.5876 0.5498
0.5904 0.5407
0.5857 0.56
0.5807 0.5288
0.5895 0.5466
0.599 0.5316
0.6075 0.5219
0.5159 0.5722
0.5164 0.5719
0.5166 0.5725
0.5171 0.5736
0.5174 0.5753
0.5178 0.5766
0.5187 0.5738
0.519 0.5772
0.519 0.5772
0.5192 0.5788
0.5199 0.5796
0.4805 0.6572
0.4805 0.6572
0.4927 0.6349
0.4927 0.6349
0.5003 0.6235
0.5003 0.6235
0.5152 0.5986
0.5233 0.586
0.5242 0.5866
0.5242 0.5866
0.5242 0.5876
0.5243 0.5876
0.5244 0.588
0.5244 0.588
0.5248 0.5881
0.5253 0.588
0.5256 0.5883
0.5262 0.5899
0.5265 0.5911
0.5266 0.5912
0.5272 0.5927
0.5272 0.5927
0.5277 0.5935
0.5286 0.5943
0.529 0.5944
0.5292 0.5958
0.6201 0.5319
0.62 0.5334
0.62 0.5334
0.6208 0.5334
0.607 0.5558
0.6059 0.5831
0.6017 0.5607
0.5999 0.5516
0.5935 0.533
0.5899 0.5281
0.5899 0.5281
0.5897 0.5285
0.5894 0.5281
0.5891 0.5284
0.5891 0.5284
0.5895 0.5283
0.59 0.5279
0.5899 0.5273
0.5919 0.5256
0.5924 0.5252
0.5928 0.525
0.5932 0.5252
0.5978 0.5297
0.5975 0.5293
0.5966 0.5277
0.5958 0.5257
0.5957 0.5222
0.5961 0.5244
0.591 0.5249
0.5908 0.5251
0.5908 0.5252
0.5905 0.5253
0.5901 0.5256
0.59 0.5251
0.5898 0.5242
0.5895 0.5234
0.5922 0.5218
0.5972 0.5128
0.5972 0.5128
0.614 0.4862
0.5916 0.4776
0.5888 0.4802
0.693 0.5115
0.8569 0.573
0.9464 0.5928
0.9464 0.5928
0.9489 0.5981
0.9647 0.59
0.9688 0.5791
0.9624 0.5796
0.9587 0.5765
0.9529 0.5745
0.9441 0.5778
0.9441 0.5778
0.7743 0.6117
0.7765 0.612
0.7765 0.612
0.7335 0.6152
0.7335 0.6152
0.9687 0.5493
0.8437 0.5761
0.8437 0.5761
0.8181 0.5975
0.9098 0.4761
0.7464 0.5758
0.6881 0.6055
0.6912 0.5828
0.6912 0.5828
0.6829 0.5338
0.6755 0.5332
0.686 0.5119
0.6993 0.4658
0.6267 0.5487
0.6267 0.5487
0.6232 0.5481
0.6212 0.5474
0.6202 0.5469
0.6202 0.5469
0.6201 0.5467
0.6197 0.5462
0.6197 0.5458
0.6197 0.5458
0.6201 0.5455
0.7033 0.4466
0.7033 0.4466
0.6994 0.452
0.6979 0.4559
0.6977 0.4589
0.6969 0.461
0.6972 0.4626
0.6979 0.4648
0.6979 0.4659
0.6979 0.4659
0.6983 0.4664
0.6994 0.4662
0.7002 0.4665
0.7002 0.4665
0.7013 0.4665
0.7019 0.4685
0.7023 0.4702
0.7023 0.4702
0.7024 0.4714
0.7033 0.4723
0.7859 0.3805
0.7859 0.3805
0.7886 0.3794
0.7919 0.3783
0.7922 0.3787
0.7924 0.3795
0.7924 0.3795
0.7924 0.3801
0.7935 0.3805
0.7918 0.3823
0.7048 0.4771
0.7094 0.4747
0.7934 0.3827
0.7934 0.3827
0.7928 0.3821
0.7073 0.4783
0.7085 0.4738
0.7091 0.4725
0.7936 0.3797
0.7084 0.4716
0.7076 0.4712
0.7073 0.4707
0.707 0.4714
0.707 0.4715
0.7056 0.4739
0.7056 0.4739
0.7055 0.4745
0.7058 0.4741
0.7061 0.474
0.7064 0.4739
0.7946 0.3779
0.7953 0.3779
0.7067 0.4752
0.7067 0.4752
0.7068 0.4749
0.7939 0.3747
0.791 0.3703
0.791 0.3703
0.6965 0.4625
0.6936 0.4582
0.6072 0.5536
0.6072 0.5536
0.6039 0.5456
0.5968 0.5421
0.5935 0.5383
0.5935 0.5383
0.5935 0.5383
0.5935 0.5383
0.5833 0.5319
0.5833 0.5319
0.5823 0.5311
0.6321 0.4608
0.6207 0.4694
0.6105 0.48
0.6123 0.5438
0.6354 0.5223
0.7874 0.4124
0.7874 0.4124
0.5542 0.5721
0.553 0.5687
0.553 0.5687
0.5327 0.5801
0.6096 0.5442
0.6025 0.5058
0.6025 0.5058
0.5991 0.4905
0.5974 0.4918
0.5988 0.4999
0.6015 0.5149
0.6043 0.5365
0.6168 0.52
0.544 0.5711
0.544 0.5711
0.5414 0.7853
0.6521 0.5785
0.5588 0.5889
0.5588 0.5889
0.6416 0.5279
0.5594 0.5705
0.559 0.5706
0.559 0.5706
0.5585 0.5707
0.5581 0.5711
0.5576 0.572
0.5576 0.572
0.5573 0.5718
0.5574 0.5715
0.5574 0.5704
0.5574 0.5704
0.5575 0.5681
0.5576 0.5668
0.5574 0.5658
0.5574 0.5655
0.5574 0.5652
0.5576 0.5648
0.5549 0.5655
0.5519 0.5666
0.5508 0.5674
0.5506 0.5685
0.5504 0.5685
0.5504 0.5685
0.5507 0.5686
0.5505 0.5681
0.5505 0.5681
0.5507 0.5679
0.5509 0.5671
0.5513 0.5667
0.5513 0.5667
0.5517 0.5667
0.5529 0.5661
0.5591 0.5609
0.5606 0.5609
0.5619 0.5617
0.5655 0.563
0.5662 0.5627
0.5663 0.5626
0.5664 0.5626
0.8373 0.3642
0.5671 0.5633
0.5671 0.5633
0.567 0.5637
0.567 0.5637
0.5712 0.568
0.5712 0.568
0.5722 0.6134
0.5722 0.6134
0.5722 0.6134
0.5566 0.6208
0.5699 0.5816
0.5709 0.5733
0.6606 0.523
0.6627 0.5152
0.5725 0.5678
0.5723 0.567
0.5723 0.5672
0.5727 0.5676
0.5745 0.5684
0.5743 0.569
0.5743 0.569
0.5743 0.569
0.5746 0.5696
0.5747 0.5711
0.5767 0.5569
0.5755 0.5663
0.5755 0.5663
0.7156 0.9737
0.6376 0.7007
0.6697 0.5793
0.5831 0.5833
0.7808 0.4594
0.7808 0.4594
0.5748 0.5898
0.8216 0.3928
0.5759 0.5836
0.5759 0.5836
0.5768 0.5641
0.576 0.5627
0.5752 0.562
0.5752 0.562
0.5775 0.5455
0.5686 0.5619
0.6518 0.5061
0.6518 0.5061
0.6488 0.5092
0.6412 0.5167
0.6409 0.5171
0.6407 0.5174
0.6401 0.5183
0.6405 0.5183
0.6408 0.518
0.6408 0.5179
0.6407 0.5181
0.6397 0.5177
0.6384 0.5174
0.64 0.515
0.6548 0.5007
0.5771 0.5584
0.5768 0.5595
0.5766 0.5607
0.5761 0.5623
0.576 0.5626
0.5758 0.5636
0.5758 0.5636
0.5757 0.5639
0.5757 0.565
0.576 0.5651
0.576 0.5659
0.5758 0.5657
0.5705 0.5618
0.569 0.5604
0.5685 0.5598
0.568 0.5591
0.5681 0.5592
0.5681 0.5593
0.5682 0.5591
0.5686 0.5585
0.5689 0.5589
0.5689 0.5589
0.5691 0.5586
0.5692 0.5577
0.569 0.5576
0.5688 0.5576
0.5688 0.5579
0.5689 0.5576
0.5693 0.5579
0.5698 0.5582
0.5717 0.5584
0.5738 0.5587
0.5748 0.5589
0.5748 0.5589
0.576 0.559
0.5775 0.5587
0.5777 0.5591
0.5781 0.5591
0.5787 0.5592
0.579 0.5589
0.579 0.559
0.579 0.5593
0.5799 0.5631
0.6236 0.6738
0.6236 0.6738
0.6236 0.6738
0.6717 0.5516
0.5771 0.5662
0.6659 0.5032
0.6621 0.502
0.6598 0.5037
0.6636 0.4994
0.5807 0.5542
0.5807 0.5542
0.8182 0.3696
0.5764 0.5592
0.5764 0.5592
0.5764 0.5592
0.5764 0.5592
0.5764 0.5592
0.8175 0.3623
0.8164 0.363
0.8158 0.3653
0.8158 0.3678
0.8156 0.3688
0.8156 0.3688
0.8161 0.3679
0.817 0.3682
0.8171 0.3681
0.8171 0.3681
0.8205 0.3635
0.8216 0.3637
0.8219 0.3647
0.8222 0.3649
0.8232 0.3647
0.8232 0.3647
0.8232 0.3647
0.8241 0.3674
0.5768 0.5598
0.5786 0.5611
0.5797 0.562
0.5806 0.5622
0.5832 0.5629
0.8441 0.3651
0.5845 0.5634
0.5849 0.5636
0.5853 0.5644
0.5863 0.5653
0.8711 0.3334
0.8742 0.3305
0.5291 0.5599
0.4694 0.5551
0.4694 0.5551
0.4697 0.5549
0.5956 0.5471
0.5262 0.6498
0.6491 0.4174
0.6491 0.4174
0.3831 0.5624
0.3566 0.5355
0.3733 0.542
0.4061 0.5207
0.4623 0.4955
0.4776 0.4715
0.3469 0.8028
0.3449 0.636
0.2307 0.5046
0.2395 0.514
0.2466 0.536
0.2797 0.5217
0.3218 0.5289
0.3755 0.506
0.3902 0.5028
0.4093 0.4988
0.3747 0.5111
0.3226 0.5353
0.3321 0.5429
0.3409 0.5136
0.3737 0.5124
0.3855 0.518
0.3927 0.5003
0.2927 0.5576
0.2964 0.4844
0.3218 0.5006
0.3404 0.5101
0.3546 0.5158
0.3694 0.5052
0.3745 0.5156
0.3772 0.5201
0.3839 0.5215
0.4626 0.4828
0.4788 0.4841
0.4858 0.4862
0.4889 0.4941
0.4909 0.5033
0.4916 0.5056
0.4931 0.4955
0.4955 0.5134
0.427 0.4972
0.4212 0.5082
0.4226 0.5096
0.4226 0.5096
0.4325 0.5041
0.4376 0.4996
0.4405 0.4997
0.4502 0.4886
0.4482 0.4859
0.4549 0.48
0.4549 0.48
0.4618 0.4829
0.4736 0.4838
0.4845 0.507
0.4845 0.507
0.4971 0.5026
0.5059 0.4936
0.5059 0.4936
0.5229 0.4844
0.5343 0.4765
0.5369 0.4901
0.5414 0.5025
0.5431 0.502
0.5459 0.5033
0.5536 0.4998
0.557 0.4981
0.557 0.4981
0.5545 0.4999
0.5578 0.5028
0.558 0.505
0.5588 0.5034
0.5783 0.4964
0.5835 0.5112
0.5888 0.5063
0.5816 0.5162
0.5996 0.5
0.6329 0.571
0.6645 0.5828
0.6645 0.5828
0.676 0.5876
0.6727 0.5909
0.671 0.5894
0.6694 0.5859
0.6688 0.5862
0.6677 0.5876
0.6666 0.5888
0.6645 0.5902
0.6645 0.5902
0.6538 0.5778
0.648 0.5853
0.6346 0.5797
0.7414 0.4224
0.525 0.4894
0.5026 0.4864
0.4965 0.483
0.4981 0.479
0.501 0.4798
0.5015 0.4817
0.5017 0.4831
0.5003 0.4787
0.4726 0.502
0.4706 0.4952
0.4706 0.4895
0.4706 0.4841
0.4692 0.4888
0.4713 0.4794
0.4731 0.4735
0.4777 0.4747
0.5212 0.463
0.5274 0.4689
0.53 0.4704
0.5323 0.4713
0.5314 0.4679
0.5313 0.4679
0.524 0.4866
0.5954 0.5073
0.6193 0.4904
0.629 0.4811
0.6187 0.4897
0.6221 0.4874
0.6238 0.4861
0.6241 0.4858
0.6236 0.4859
0.6183 0.4902
0.5334 0.4619
0.5334 0.4619
0.4747 0.4869
0.471 0.482
0.4711 0.4843
0.4714 0.486
0.4712 0.4891
0.4713 0.491
0.4715 0.4952
0.4722 0.4983
0.4721 0.5004
0.5043 0.4914
0.5188 0.4878
0.5188 0.4878
0.5925 0.4356
0.5558 0.5043
0.5576 0.5009
0.5586 0.5009
0.5594 0.5026
0.5597 0.5029
0.5605 0.5023
0.5624 0.5023
0.5677 0.5182
0.5768 0.5128
0.5799 0.5062
0.5799 0.5062
0.5815 0.5042
0.5832 0.4999
0.5837 0.4987
0.5835 0.4987
0.5832 0.4979
0.5774 0.4912
0.5755 0.49
0.575 0.4891
0.5747 0.4886
0.5748 0.4886
0.5748 0.4886
0.5747 0.489
0.5752 0.4898
0.5758 0.49
0.5766 0.4897
0.5786 0.4899
0.5823 0.49
0.5827 0.4912
0.5861 0.4893
0.5853 0.4916
0.5897 0.4904
0.587 0.4958
0.5868 0.4968
0.5901 0.4907
0.5865 0.4957
0.5865 0.4957
0.5846 0.4955
0.5807 0.4986
0.5814 0.4976
0.5812 0.4983
0.5772 0.5006
0.5555 0.5555
0.5922 0.5617
0.5974 0.5645
0.5979 0.5649
0.5984 0.5654
0.5986 0.5653
0.5986 0.5653
0.5988 0.5653
0.5994 0.5654
0.6125 0.5666
0.6125 0.5666
0.6884 0.5394
0.6141 0.567
0.6821 0.5457
0.6819 0.5457
0.6156 0.5663
0.6167 0.5665
0.7045 0.5053
0.605 0.5661
0.6044 0.5672
0.6041 0.5675
0.8605 0.3659
0.6322 0.512
0.6137 0.5175
0.6036 0.5242
0.5996 0.5101
0.5983 0.5066
0.5983 0.5066
0.5971 0.5039
0.597 0.5035
0.5971 0.5035
0.5974 0.504
0.6108 0.4845
0.5654 0.5013
0.5559 0.5007
0.5562 0.5647
0.5541 0.5424
0.554 0.5288
0.5544 0.5332
0.5545 0.5337
0.5545 0.5337
0.5618 0.5583
0.5068 0.5826
0.5281 0.5823
0.6255 0.5299
0.6121 0.5472
0.6121 0.5472
0.5971 0.5079
0.5949 0.5078
0.6433 0.4802
0.5995 0.516
0.5971 0.5123
0.585 0.4681
0.5666 0.4696
0.5662 0.4675
0.5706 0.4613
0.5731 0.4574
0.5741 0.4579
0.5883 0.4522
0.5981 0.4582
0.5989 0.4629
0.5989 0.4629
0.6009 0.4635
0.5137 0.5472
0.514 0.5474
0.514 0.5474
0.5145 0.5477
0.5147 0.5491
0.5151 0.5492
0.5151 0.5492
0.5153 0.5489
0.5151 0.5489
0.5997 0.6579
0.5997 0.6579
0.5822 0.7512
0.5227 0.5805
0.5773 0.5537
0.5794 0.5212
0.585 0.5055
0.5765 0.5287
0.5765 0.5287
0.5765 0.5287
0.618 0.8031
0.5236 0.5904
0.5772 0.5273
0.5686 0.5162
0.5733 0.5082
0.5838 0.4938
0.5838 0.4938
0.5828 0.4942
0.5848 0.4912
0.5794 0.5052
0.574 0.5118
0.5722 0.5154
0.5716 0.5161
0.5724 0.5161
0.5719 0.518
0.5713 0.5198
0.575 0.572
0.5745 0.5602
0.5747 0.5598
0.5742 0.5568
0.5737 0.553
0.5733 0.5493
0.5733 0.5482
0.5742 0.5446
0.5744 0.5423
0.5759 0.5426
0.5775 0.5414
0.5762 0.5425
0.5766 0.5428
0.5711 0.5435
0.5711 0.5435
0.5695 0.5432
0.5666 0.5422
0.5647 0.5426
0.565 0.5597
0.5639 0.5522
0.5649 0.5554
0.5638 0.5446
0.5669 0.5403
0.5684 0.5381
0.5712 0.5336
0.5675 0.5422
0.5675 0.5422
0.567 0.5417
0.5705 0.5343
0.5719 0.5302
0.5729 0.529
0.577 0.5258
0.5967 0.5298
0.6005 0.5235
0.6005 0.5235
0.6059 0.5464
0.6021 0.5483
0.5929 0.5399
0.5924 0.5333
0.5895 0.5329
0.498 0.5823
0.5844 0.5373
0.5844 0.5373
0.5866 0.5311
0.5818 0.5338
0.581 0.5336
0.5789 0.5355
0.5806 0.5326
0.5877 0.524
0.4995 0.5816
0.4993 0.5816
0.4992 0.5811
0.4987 0.5809
0.4985 0.5808
0.4985 0.581
0.4983 0.5819
0.4978 0.583
0.4976 0.5828
0.4976 0.5831
0.4975 0.5838
0.497 0.583
0.497 0.583
0.497 0.5827
0.4974 0.5765
0.4975 0.5797
0.4973 0.5797
0.7498 0.3922
0.4973 0.5798
0.4972 0.5799
0.4979 0.5779
0.7498 0.3885
0.7494 0.388
0.7502 0.3872
0.7502 0.3872
0.749 0.3884
0.7507 0.3837
0.7528 0.3799
0.4982 0.5769
0.498 0.5777
0.4986 0.5786
0.4986 0.5774
0.4986 0.5774
0.4983 0.579
0.4987 0.5806
0.4984 0.5797
0.7498 0.3843
0.4984 0.5801
0.4999 0.5799
0.5006 0.5791
0.501 0.5781
0.5014 0.5774
0.5029 0.5767
0.5042 0.5738
0.5039 0.5735
0.5036 0.5742
0.5031 0.5746
0.5025 0.568
0.5025 0.5705
0.5023 0.5719
0.503 0.5727
0.5032 0.5718
0.5032 0.5718
0.5033 0.5718
0.5038 0.5733
0.5037 0.573
0.5037 0.573
0.5037 0.5731
0.504 0.5716
0.5038 0.5721
0.5044 0.5664
0.504 0.5708
0.5033 0.5731
0.5032 0.5738
0.5032 0.5738
0.7539 0.3921
0.7444 0.4003
0.7471 0.398
0.7471 0.398
0.7472 0.3999
0.7455 0.3996
0.7451 0.3996
0.7504 0.3934
0.7525 0.3898
0.7528 0.3894
0.7528 0.3894
0.754 0.3888
0.7527 0.3908
0.753 0.3905
0.7532 0.3918
0.7547 0.3907
0.7552 0.3901
0.7557 0.3908
0.7557 0.3916
0.7538 0.3952
0.5005 0.5704
0.5008 0.5707
0.5008 0.5707
0.5015 0.5725
0.5021 0.5727
0.5033 0.5708
0.5033 0.5708
0.5029 0.5725
0.7657 0.7613
0.7657 0.7613
0.7657 0.7613
0.5124 0.6405
0.5953 0.5712
0.5879 0.5526
0.5855 0.5407
0.5829 0.5383
0.5813 0.5349
0.5839 0.527
0.5839 0.527
0.5909 0.5127
0.6001 0.5009
0.5119 0.5626
0.5125 0.5628
0.5135 0.5624
0.5151 0.5573
0.5153 0.5585
0.516 0.5585
0.5167 0.5581
0.5174 0.5586
0.5204 0.561
0.5246 0.5578
0.5304 0.5525
0.5351 0.5506
0.5373 0.5498
0.5385 0.5492
0.5428 0.5486
0.5446 0.5472
0.5446 0.5472
0.5446 0.5472
0.5341 0.5844
0.5404 0.5693
0.5452 0.5567
0.5472 0.5528
0.8174 0.3375
0.8174 0.3375
0.8162 0.3443
0.8154 0.3442
0.8144 0.3473
0.8138 0.3458
0.8138 0.3458
0.5475 0.5488
0.5444 0.5501
0.5425 0.5493
0.7363 0.413
0.5412 0.5482
0.5393 0.5471
0.6226 0.4915
0.6272 0.4853
0.6288 0.4826
0.5347 0.5495
0.5329 0.55
0.5329 0.55
0.5308 0.5495
0.7865 0.35
0.7775 0.3616
0.7775 0.3616
0.7775 0.3616
0.7686 0.3697
0.7661 0.3727
0.7661 0.3727
0.765 0.3734
0.7639 0.3721
0.7645 0.3733
0.7645 0.3733
0.7646 0.3755
0.7669 0.3775
0.7676 0.3773
0.7676 0.3773
0.7689 0.3803
0.77 0.3835
0.7694 0.3873
0.7694 0.3873
0.7685 0.392
0.7664 0.3927
0.7657 0.3925
0.7656 0.3932
0.7642 0.3931
0.7643 0.3919
0.7637 0.3914
0.7637 0.3914
0.7636 0.3944
0.7633 0.3923
0.7628 0.3908
0.7625 0.3899
0.7626 0.388
0.7621 0.3853
0.5127 0.5636
0.5127 0.5636
0.5 0.6038
0.4976 0.614
0.497 0.6172
0.4891 0.622
0.4455 0.6795
0.4425 0.6718
0.4418 0.6715
0.4402 0.6719
0.4409 0.6698
0.4422 0.6689
0.444 0.6653
0.444 0.6653
0.4465 0.662
0.4476 0.6626
0.4481 0.6625
0.4486 0.6625
0.4493 0.661
0.4495 0.6569
0.4495 0.6569
0.4495 0.6569
0.4495 0.6574
0.4494 0.653
0.4495 0.6546
0.45 0.6566
0.4512 0.6553
0.4512 0.6553
0.4512 0.6553
0.4513 0.6565
0.4563 0.6511
0.4749 0.6705
0.4719 0.6421
0.4761 0.6352
0.4821 0.6241
0.488 0.6155
0.4914 0.6061
0.495 0.598
0.5 0.5831
0.5003 0.5789
0.5116 0.5726
0.5256 0.5555
0.5364 0.5634
0.5398 0.5905
0.5334 0.5559
0.5263 0.5505
0.5107 0.5641
0.5024 0.5706
0.5014 0.5693
0.5013 0.5692
0.5009 0.5703
0.5009 0.5703
0.4882 0.5825
0.4781 0.5919
0.4763 0.5951
0.4759 0.5966
0.4755 0.5971
0.4737 0.5986
0.4725 0.6007
0.4723 0.601
0.4715 0.6073
0.4657 0.6037
0.4621 0.6042
0.4621 0.6042
0.4609 0.6048
0.4599 0.6053
0.4575 0.6101
0.4575 0.6101
0.454 0.6162
0.4502 0.622
0.4481 0.6263
0.4474 0.6296
0.4461 0.6327
0.4455 0.6337
0.4441 0.6342
0.4441 0.6342
0.4431 0.6365
0.4423 0.6391
0.441 0.6394
0.441 0.6394
0.4385 0.6418
0.4355 0.6426
0.4338 0.6422
0.4338 0.6422
0.4321 0.6433
0.4313 0.6435
0.4312 0.6437
0.4312 0.6437
0.4311 0.644
0.431 0.6435
0.4313 0.6428
0.4315 0.6433
0.4319 0.6432
0.4327 0.643
0.4335 0.6437
0.4339 0.6441
0.4341 0.6445
0.4346 0.6452
0.435 0.6447
0.435 0.6447
0.4356 0.6445
0.4356 0.6443
0.4358 0.6435
0.4364 0.6436
0.4515 0.647
0.4544 0.6489
0.4545 0.6495
0.4545 0.6496
0.4545 0.6498
0.4547 0.6505
0.4548 0.651
0.4546 0.6517
0.4546 0.6515
0.4547 0.6517
0.4548 0.6514
0.4549 0.6512
0.4551 0.6509
0.4552 0.6518
0.4553 0.6523
0.4549 0.6527
0.4519 0.6537
0.451 0.6524
0.451 0.6524
0.4506 0.6515
0.4498 0.651
0.4492 0.6504
0.4491 0.6492
0.4494 0.6478
0.4495 0.6486
0.4498 0.647
0.4497 0.6476
0.4493 0.6475
0.4486 0.6483
0.4473 0.6488
0.4473 0.6488
0.4463 0.6491
0.4458 0.6504
0.446 0.6509
0.446 0.6509
0.4463 0.6509
0.4475 0.6509
0.448 0.6503
0.448 0.6503
0.4482 0.6491
0.4483 0.6479
0.448 0.6479
0.448 0.6479
0.4771 0.6415
0.63 0.6694
0.7187 0.8282
0.7187 0.8282
0.736 0.8302
0.7289 0.821
0.7366 0.9048
0.7366 0.9048
0.7105 0.8073
0.7449 0.8981
0.7523 0.8814
0.7523 0.8814
0.7347 0.8674
0.6722 0.7491
0.6722 0.7491
0.6653 0.741
0.6513 0.7424
0.6425 0.6958
0.6179 0.7068
0.6019 0.6939
0.568 0.6911
0.5528 0.6853
0.5456 0.6792
0.538 0.6616
0.5314 0.6427
0.5297 0.625
0.5297 0.625
0.5268 0.6039
0.5699 0.5687
0.5831 0.5349
0.5831 0.5349
0.5902 0.529
0.5746 0.5436
0.5789 0.5392
0.5789 0.5392
0.5365 0.577
0.53 0.5833
0.5294 0.5874
0.5295 0.5891
0.5298 0.5909
0.5314 0.597
0.5327 0.6006
0.5327 0.6006
0.533 0.6037
0.5339 0.6079
0.5344 0.6093
0.5344 0.6093
0.5343 0.6137
0.5343 0.6138
0.5345 0.6135
0.5345 0.6135
0.5347 0.613
0.5344 0.6161
0.5333 0.6154
0.5333 0.6154
0.532 0.6156
0.5303 0.6187
0.5299 0.6185
0.5299 0.6185
0.5291 0.6207
0.5286 0.6219
0.5287 0.6219
0.5287 0.6216
0.5286 0.6216
0.5285 0.6225
0.5296 0.6225
0.5294 0.6232
0.5294 0.6251
0.5296 0.6265
0.505 0.6443
0.4781 0.6635
0.465 0.6739
0.4647 0.676
0.4647 0.6785
0.4646 0.6806
0.5096 0.6516
0.5294 0.6296
0.5294 0.6296
0.5309 0.6268
0.5312 0.6269
0.5315 0.6263
0.5316 0.6269
0.5321 0.6272
0.5325 0.6276
0.5334 0.6278
0.5334 0.6278
0.5342 0.6283
0.5345 0.6286
0.535 0.6287
0.535 0.6287
0.5358 0.6281
0.5351 0.6268
0.5343 0.6272
0.5338 0.6273
0.5323 0.6283
0.5316 0.6292
0.5337 0.6293
0.5337 0.6293
0.5339 0.6333
0.5328 0.6355
0.533 0.6363
0.5331 0.6361
0.5324 0.6357
0.5308 0.6369
0.5303 0.6372
0.5301 0.6373
0.5311 0.6418
0.5298 0.6415
0.5294 0.6469
0.5301 0.6488
0.5303 0.6519
0.5302 0.6528
0.5302 0.6528
0.5632 0.6343
0.7543 0.6494
0.7779 0.6537
0.7779 0.6537
0.7667 0.6489
0.7464 0.6513
0.7231 0.6529
0.7231 0.6529
0.7047 0.6398
0.6928 0.6227
0.6846 0.6157
0.6846 0.6157
0.6763 0.6154
0.6464 0.6016
0.6469 0.599
0.6349 0.5932
0.6256 0.5836
0.6013 0.5735
0.5987 0.5707
0.5949 0.5626
0.5868 0.5616
0.5836 0.5597
0.5836 0.5597
0.5797 0.5625
0.5783 0.5621
0.5794 0.5605
0.5793 0.559
0.5793 0.559
0.5793 0.5554
0.581 0.5513
0.5812 0.5507
0.5812 0.5516
0.5812 0.5525
0.581 0.5549
0.5806 0.5559
0.5802 0.5564
0.5798 0.5567
0.5793 0.5578
0.579 0.5586
0.5787 0.5586
0.5787 0.5602
0.579 0.5623
0.5792 0.5626
0.5794 0.5634
0.5799 0.5636
0.5859 0.6498
0.586 0.6485
0.5865 0.6423
0.5877 0.6589
0.5866 0.6489
0.5855 0.6412
0.5845 0.6325
0.5849 0.6364
0.5869 0.6534
0.5867 0.6506
0.5862 0.6449
0.588 0.6565
0.5887 0.6608
0.5889 0.6601
0.5892 0.6576
0.5899 0.6534
0.5905 0.6508
0.5909 0.6497
0.5919 0.6473
0.5937 0.6449
0.595 0.6436
0.595 0.6436
0.5957 0.6426
0.5961 0.6409
0.596 0.6396
0.596 0.6396
0.5961 0.6392
0.5958 0.6378
0.5951 0.6384
0.595 0.6372
0.5949 0.6374
0.5965 0.6607
0.5945 0.6457
0.5945 0.6457
0.5935 0.6399
0.5918 0.6338
0.5917 0.6347
0.5917 0.6347
0.5924 0.6434
0.5935 0.6516
0.5939 0.6549
0.5948 0.6578
0.5948 0.6558
0.5955 0.6622
0.5949 0.6573
0.5934 0.649
0.5925 0.6443
0.5927 0.6474
0.5933 0.6504
0.5947 0.6604
0.5951 0.6537
0.5956 0.6513
0.5956 0.6513
0.5957 0.65
0.5959 0.6486
0.5963 0.6476
0.5963 0.6476
0.5962 0.6468
0.5962 0.6446
0.597 0.6514
0.597 0.6514
0.597 0.6507
0.5979 0.6556
0.5968 0.6503
0.5968 0.6503
0.5994 0.6449
0.6043 0.637
0.6087 0.6343
0.5917 0.7041
0.5917 0.7041
0.5917 0.7041
0.5622 0.7451
0.5622 0.7451
0.5867 0.6011
0.5927 0.584
0.5942 0.5799
0.5948 0.5781
0.5948 0.5768
0.5954 0.5766
0.5976 0.5739
0.5945 0.5832
0.5921 0.5917
0.5929 0.5923
0.595 0.5911
0.595 0.5911
0.596 0.5907
0.5987 0.5877
0.6001 0.5855
0.6016 0.5831
0.603 0.5801
0.5357 0.5935
0.492 0.6248
0.4893 0.6224
0.4876 0.6337
0.4877 0.6367
0.5226 0.6048
0.5226 0.6048
0.5795 0.5725
0.5966 0.5504
0.5968 0.5487
0.5966 0.549
0.5963 0.5496
0.5963 0.5509
0.5959 0.5518
0.5955 0.5523
0.5953 0.5535
0.5949 0.553
0.595 0.5529
0.5949 0.5525
0.5947 0.5523
0.5946 0.5552
0.5947 0.5556
0.5946 0.5565
0.5998 0.5585
0.601 0.5641
0.601 0.5641
0.5906 0.5826
0.5906 0.5826
0.5864 0.6055
0.5882 0.6056
0.5917 0.6138
0.5957 0.6204
0.599 0.6247
0.599 0.6247
0.6027 0.6295
0.556 0.6137
0.5408 0.6008
0.5457 0.6136
0.5545 0.6228
0.5103 0.8899
0.5773 0.9197
0.5773 0.9197
0.5773 0.9197
0.5072 0.4865
0.4445 0.5155
0.4445 0.5155
0.4511 0.5213
0.4525 0.521
0.4583 0.5347
0.4583 0.5347
0.4518 0.5481
0.4359 0.5763
0.4375 0.5872
0.4375 0.5872
0.4381 0.5886
0.4399 0.5918
0.5887 0.5475
0.4708 0.5557
0.4481 0.5982
0.4476 0.6074
0.4501 0.6049
0.4525 0.6032
0.462 0.5874
0.4362 0.5948
0.4121 0.598
0.4121 0.598
0.4171 0.5912
0.4259 0.5899
0.43 0.5886
0.43 0.5886
0.4339 0.5887
0.4412 0.5841
0.4437 0.5789
0.4511 0.575
0.4557 0.5714
0.4607 0.5657
0.4607 0.5657
0.4626 0.5646
0.4686 0.5581
0.4701 0.5551
0.4701 0.5551
0.4728 0.5496
0.4749 0.5491
0.4879 0.5403
0.4934 0.5385
0.5042 0.5187
0.4966 0.539
0.4972 0.5371
0.4975 0.5401
0.5257 0.5111
0.5776 0.4968
0.6158 0.5582
0.6146 0.5538
0.593 0.5186
0.5768 0.4957
0.5749 0.4936
0.5734 0.4935
0.637 0.4385
0.5707 0.4989
0.6356 0.443
0.57 0.4999
0.5692 0.502
0.5737 0.4903
0.6431 0.4193
0.6431 0.4193
0.5728 0.489
0.5725 0.4892
0.5722 0.4886
0.5721 0.4887
0.5722 0.4861
0.5714 0.4868
0.5713 0.4868
0.5713 0.4864
0.5713 0.4864
0.5719 0.4862
0.5722 0.4861
0.5736 0.4864
0.4996 0.5024
0.4728 0.5218
0.4645 0.5257
0.458 0.5378
0.4585 0.5375
0.4592 0.537
0.4595 0.5372
0.459 0.5414
0.4597 0.5435
0.4603 0.5439
0.4604 0.5431
0.4613 0.5409
0.4624 0.5381
0.4635 0.5332
0.4638 0.5369
0.4872 0.5258
0.5556 0.4912
0.5673 0.4882
0.5694 0.4876
0.5702 0.4819
0.5634 0.7921
0.5634 0.7921
0.5634 0.7921
0.576 0.7311
0.5599 0.5524
0.5599 0.5524
0.5518 0.5446
0.568 0.5721
0.6468 0.5515
0.6547 0.5429
0.6477 0.5556
0.6459 0.5512
0.6252 0.5582
0.6252 0.5582
0.6071 0.5651
0.5274 0.5849
0.523 0.5856
0.523 0.5856
0.5137 0.5832
0.5894 0.5207
0.5894 0.5207
0.5835 0.5231
0.5835 0.5231
0.6905 0.4542
0.7049 0.4369
0.4904 0.5834
0.4884 0.5856
0.489 0.5849
0.489 0.5849
0.4886 0.5852
0.4884 0.5875
0.4894 0.5873
0.4897 0.5871
0.49 0.5879
0.4902 0.5821
0.4907 0.5835
0.4907 0.5835
0.4911 0.5826
0.4815 0.5874
0.681 0.4307
0.681 0.4307
0.4803 0.5892
0.4807 0.5898
0.4807 0.5898
0.4807 0.59
0.4808 0.5912
0.4846 0.552
0.4783 0.5338
0.4773 0.534
0.4767 0.5345
0.4768 0.5356
0.4768 0.5363
0.4768 0.5363
0.4776 0.5374
0.4786 0.538
0.4792 0.5387
0.4797 0.5392
0.4812 0.5394
0.4821 0.5401
0.4827 0.5412
0.4827 0.5412
0.4861 0.5492
0.4886 0.5661
0.4926 0.5644
0.4926 0.5644
0.4961 0.5614
0.5 0.557
0.4979 0.5586
0.504 0.5545
0.5098 0.5505
0.5123 0.5477
0.5127 0.5477
0.5151 0.5462
0.5088 0.549
0.4985 0.5608
0.4988 0.5595
0.4981 0.5588
0.4913 0.5822
0.4902 0.5542
0.4882 0.5417
0.487 0.538
0.4889 0.545
0.4891 0.5469
0.4907 0.5601
0.4907 0.5657
0.4937 0.5642
0.501 0.5576
0.5028 0.5558
0.509 0.5492
0.5171 0.5428
0.5171 0.5428
0.5206 0.5399
0.5226 0.5382
0.5238 0.5368
0.524 0.5367
0.5241 0.536
0.5252 0.5325
0.528 0.5279
0.529 0.5265
0.5299 0.5249
0.5329 0.5218
0.5345 0.5208
0.5345 0.5208
0.5351 0.5202
0.512 0.5328
0.4669 0.5379
0.4669 0.5379
0.3833 0.6013
0.3833 0.6013
0.1968 0.7279
0.1968 0.7279
0.2502 0.7227
0.2502 0.7227
0.2502 0.7227
0.2502 0.7227
0.2502 0.7227
0.215 0.7144
0.2128 0.708
0.2156 0.6811
0.2168 0.6591
0.2113 0.6781
0.212 0.7022
0.2121 0.7037
0.2126 0.7044
0.2242 0.6834
0.2269 0.669
0.2269 0.669
0.2269 0.6676
0.2284 0.6702
0.2275 0.7219
0.2275 0.7219
0.25 0.7162
0.2534 0.7201
0.2517 0.7234
0.2521 0.713
0.2527 0.7139
0.3635 0.6044
0.4824 0.5251
0.5178 0.5041
0.5319 0.4939
0.5402 0.4829
0.5375 0.4854
0.5361 0.4828
0.5353 0.4798
0.5284 0.4837
0.5258 0.4853
0.5258 0.4853
0.5226 0.4871
0.5187 0.4855
0.5172 0.4885
0.5172 0.4885
0.5138 0.5273
0.5124 0.5156
0.5124 0.5156
0.5124 0.5156
0.5113 0.5189
0.511 0.5183
0.5105 0.5209
0.5096 0.5236
0.5074 0.529
0.4854 0.5227
0.4832 0.5197
0.4832 0.5197
0.4834 0.5193
0.4836 0.5191
0.4836 0.5191
0.4836 0.5193
0.4839 0.5214
0.4776 0.5161
0.321 0.6191
0.321 0.6191
0.2841 0.6225
0.2608 0.6403
0.2741 0.6193
0.2741 0.6193
0.2753 0.605
0.2604 0.6779
0.259 0.6867
0.2601 0.6923
0.2604 0.6934
0.2608 0.6932
0.261 0.6917
0.2615 0.6901
0.2618 0.6899
0.2623 0.6897
0.2623 0.6897
0.263 0.6893
0.2631 0.6898
0.2629 0.6898
0.2628 0.69
0.2624 0.6867
0.2625 0.6861
0.2621 0.6856
0.262 0.6842
0.2621 0.6843
0.2534 0.6373
0.2507 0.6369
0.2507 0.6369
0.2488 0.6362
0.2483 0.6358
0.2482 0.6346
0.2482 0.6356
0.249 0.6362
0.25 0.6373
0.2502 0.6408
0.2505 0.6389
0.3102 0.6539
0.4824 0.4881
0.5131 0.515
0.5131 0.515
0.6668 0.4199
0.6687 0.4204
0.6646 0.4173
0.6602 0.4155
0.6681 0.3947
0.6012 0.4748
0.6735 0.3692
0.6698 0.366
0.6635 0.3647
0.6495 0.363
0.5802 0.4697
0.5782 0.4697
0.6384 0.3644
0.6322 0.3692
0.5235 0.6087
0.6231 0.3877
0.6166 0.3885
0.6146 0.3905
0.6726 0.3024
0.596 0.4187
0.6089 0.4005
0.6045 0.4045
0.6045 0.4045
0.6069 0.4003
0.6034 0.4014
0.6 0.4058
0.6 0.4058
0.5994 0.4072
0.5985 0.41
0.598 0.4111
0.598 0.4111
0.5981 0.4126
0.5982 0.4128
0.521 0.6245
0.521 0.6245
0.5627 0.5955
0.5503 0.5264
0.546 0.4991
0.546 0.4991
0.5447 0.4973
0.5528 0.4967
0.5438 0.4936
0.5517 0.4807
0.5505 0.5263
0.5437 0.4959
0.543 0.4951
0.5522 0.4839
0.55 0.5361
0.5547 0.5581
0.5523 0.5676
0.5519 0.5782
0.5431 0.5278
0.5422 0.5163
0.5345 0.507
0.5371 0.5035
0.5557 0.5059
0.5585 0.5034
0.5594 0.5043
0.5594 0.5043
0.5593 0.5052
0.5629 0.5178
0.5907 0.4874
0.6347 0.4543
0.6355 0.4578
0.6073 0.5273
0.6099 0.5282
0.6109 0.5287
0.6116 0.5289
0.6117 0.5286
0.612 0.5262
0.612 0.5262
0.6121 0.5285
0.6121 0.5279
0.6122 0.5279
0.6123 0.5281
0.6125 0.5285
0.6124 0.5287
0.5948 0.528
0.548 0.5035
0.523 0.4994
0.5127 0.5127
0.5203 0.576
0.5213 0.5863
0.5193 0.5714
0.5178 0.5614
0.5172 0.5572
0.516 0.5541
0.5196 0.5089
0.5113 0.524
0.5107 0.521
0.5161 0.5014
0.511 0.5175
0.491 0.5133
0.4902 0.5137
0.4901 0.5129
0.4897 0.5126
0.4666 0.5093
0.4666 0.5093
0.4522 0.5112
0.4493 0.516
0.449 0.5167
0.4486 0.5172
0.4482 0.5174
0.4473 0.5194
0.4471 0.5197
0.4471 0.5197
0.4468 0.5188
0.4468 0.5191
0.4472 0.5195
0.4472 0.5195
0.4441 0.5241
0.4419 0.5248
0.441 0.5256
0.441 0.5256
0.4397 0.5267
0.44 0.525
0.4554 0.5129
0.4624 0.5024
0.4653 0.5036
0.4675 0.5053
0.4682 0.5059
0.4682 0.5059
0.4689 0.5063
0.4694 0.5069
0.4737 0.5088
0.4766 0.5084
0.4836 0.5091
0.4875 0.514
0.4912 0.5162
0.4912 0.5162
0.495 0.52
0.5237 0.5088
0.5264 0.5097
0.5269 0.5106
0.5278 0.5117
0.4913 0.5673
0.5147 0.5316
0.5175 0.5275
0.5194 0.5237
0.5204 0.5224
0.5211 0.5234
0.5281 0.5248
0.5317 0.5111
0.5428 0.5136
0.5428 0.5136
0.5489 0.5155
0.5517 0.5167
0.5517 0.5168
0.5517 0.5164
0.5517 0.5161
0.5521 0.516
0.5521 0.5159
0.5521 0.5163
0.5521 0.5161
0.5523 0.5173
0.5526 0.5181
0.5526 0.5181
0.5535 0.5444
0.5266 0.5138
0.5016 0.5307
0.495 0.5548
0.4937 0.5421
0.4937 0.535
0.4937 0.5349
0.4935 0.5347
0.4935 0.5347
0.4936 0.5339
0.4946 0.5297
0.4991 0.5303
0.5316 0.5234
0.5355 0.5241
0.5365 0.5252
0.5365 0.5252
0.5361 0.5249
0.5359 0.5245
0.5358 0.525
0.5358 0.525
0.5355 0.525
0.5348 0.5249
0.5349 0.525
0.5349 0.525
0.535 0.5263
0.535 0.5271
0.5352 0.5262
0.5354 0.5262
0.5357 0.5272
0.5358 0.5277
0.5358 0.5268
0.5358 0.5268
0.5364 0.5268
0.5349 0.5246
0.5348 0.5243
0.5348 0.5238
0.5349 0.524
0.5356 0.5248
0.5362 0.5251
0.5362 0.5251
0.5365 0.5245
0.5365 0.5233
0.5367 0.5239
0.5364 0.5234
0.5361 0.5238
0.5365 0.5245
0.5368 0.5254
0.5368 0.5254
0.537 0.5248
0.5373 0.5242
0.5379 0.5229
0.5379 0.5229
0.5382 0.5227
0.538 0.5221
0.5386 0.5212
0.5391 0.521
0.5553 0.5353
0.564 0.5337
0.5653 0.533
0.5664 0.5349
0.5655 0.5282
0.5416 0.6934
0.5571 0.776
0.5633 0.6828
0.5664 0.5195
0.5562 0.5442
0.5551 0.5384
0.5542 0.5318
0.554 0.5275
0.5541 0.5247
0.5541 0.5247
0.5539 0.524
0.5538 0.5206
0.554 0.5212
0.5545 0.5256
0.5547 0.5283
0.5547 0.5305
0.5557 0.5378
0.556 0.5403
0.5563 0.5439
0.5553 0.5372
0.5556 0.5401
0.5556 0.5401
0.5541 0.5426
0.5488 0.5352
0.5479 0.5348
0.5476 0.5339
0.5464 0.5281
0.5455 0.5242
0.5454 0.5225
0.5461 0.5269
0.6245 0.5218
0.6069 0.5537
