-1
-1
-1
-1
-1
-1
-1
-1
-1
-1
-1
-1
-1
-1
-1
-1
-1
-1
-1
-1
-1
-1
-1
-1
-1
-1
-1
-1
0.3705 0.5262
0.3767 0.5326
0.3813 0.5312
0.3912 0.5451
0.3912 0.5451
0.2671 0.5734
0.3042 0.5642
0.3042 0.5642
0.3511 0.5361
0.3535 0.4968
0.3735 0.5197
0.3982 0.5303
0.4194 0.5292
0.434 0.5583
0.5308 0.5853
0.5414 0.5655
0.5476 0.5609
0.5764 0.5503
0.5829 0.5573
0.5829 0.5573
0.5975 0.5556
0.6181 0.605
0.6312 0.5797
0.6386 0.6207
0.6534 0.6281
0.6585 0.6372
0.6633 0.6139
0.738 0.5251
0.7604 0.5099
0.7618 0.491
0.7617 0.4785
0.7664 0.4772
0.7641 0.5075
0.7553 0.5061
0.7216 0.5047
0.7201 0.5021
0.7022 0.5041
0.6805 0.53
0.6168 0.4561
0.6054 0.4622
0.6074 0.4494
0.5835 0.4721
0.5599 0.5023
0.5516 0.532
0.5559 0.5543
0.5347 0.5405
0.5016 0.5751
0.497 0.579
0.4905 0.5953
0.489 0.5817
0.489 0.5817
0.4876 0.5775
0.5002 0.5678
0.5017 0.567
0.503 0.5665
0.5026 0.5687
0.5012 0.5726
0.5002 0.5789
0.5023 0.5732
0.5041 0.571
0.5075 0.5719
0.511 0.5709
0.5145 0.5714
0.5173 0.571
0.5177 0.5692
0.5161 0.564
0.5161 0.562
0.5159 0.5615
0.5156 0.5578
0.5175 0.5582
0.517 0.5612
0.5118 0.5942
0.5055 0.6277
0.5112 0.6007
0.5745 0.8529
0.4511 0.6303
0.5001 0.6364
0.5032 0.5811
0.5057 0.5776
0.5044 0.5745
0.5056 0.5728
0.5049 0.5726
0.5059 0.5732
0.5074 0.5734
0.5078 0.5735
0.5088 0.5732
0.5033 0.5941
0.5033 0.5941
0.4936 0.5612
0.5022 0.5713
0.5027 0.5615
0.5035 0.5545
0.5041 0.5527
0.5046 0.5512
0.5058 0.556
0.5102 0.5672
0.5161 0.5672
0.5143 0.5905
0.5128 0.5986
0.5125 0.5983
0.5112 0.6087
0.5112 0.6087
0.5096 0.6152
0.5124 0.587
0.5129 0.5849
0.5135 0.5768
0.5157 0.570
0.5166 0.572
0.5155 0.583
0.5163 0.5872
0.5161 0.5904
0.5171 0.5719
0.5176 0.5686
0.5173 0.5656
0.5172 0.564
0.5178 0.560
0.5175 0.5594
0.5175 0.5618
0.519 0.5661
0.5171 0.5703
0.515 0.5744
0.5153 0.575
0.5123 0.5846
0.5129 0.5794
0.5143 0.5804
0.5145 0.5811
0.515 0.58
0.5172 0.5778
0.5181 0.5812
0.5188 0.581
0.5192 0.5804
0.5199 0.5769
0.5207 0.5757
0.5217 0.5766
0.522 0.575
0.522 0.5748
0.5228 0.5749
0.5225 0.5725
0.5224 0.5725
0.522 0.572
0.5213 0.571
0.5207 0.5706
0.5201 0.5709
0.5208 0.5714
0.5216 0.5724
0.5227 0.5725
0.5223 0.5716
0.523 0.5711
0.523 0.569
0.5221 0.5669
0.5229 0.5663
0.5243 0.565
0.5258 0.5665
0.528 0.5662
0.5309 0.5695
0.5313 0.5703
0.5307 0.5694
0.5322 0.5694
0.5338 0.5678
0.5353 0.5624
0.5364 0.56
0.5371 0.5581
0.5369 0.5569
0.537 0.5582
0.537 0.5617
0.506 0.5688
0.5016 0.5724
0.4972 0.5673
0.498 0.5673
0.4969 0.5669
0.4949 0.5646
0.4937 0.5634
0.4937 0.5634
0.4911 0.561
0.4923 0.5606
0.4926 0.5608
0.4928 0.5612
0.4933 0.5611
0.4935 0.5613
0.4947 0.5621
0.4947 0.5604
0.4964 0.5601
0.4958 0.5579
0.4954 0.5576
0.4958 0.5582
0.4971 0.5608
0.4968 0.5624
0.4952 0.5613
0.495 0.5626
0.496 0.5646
0.497 0.5657
0.497 0.5657
0.4982 0.5658
0.498 0.5647
0.4976 0.5649
0.4974 0.5639
0.4973 0.5628
0.497 0.5616
0.4968 0.5626
0.4969 0.5636
0.4979 0.5642
0.4982 0.5659
0.498 0.5675
0.4979 0.5663
0.4972 0.5671
0.4973 0.5672
0.4984 0.5781
0.4984 0.5781
0.4984 0.5781
0.4967 0.6
0.4979 0.5807
0.4975 0.5758
0.5094 0.5569
0.5083 0.5523
0.5082 0.5566
0.5072 0.5601
0.5063 0.5638
0.5012 0.5672
0.4975 0.567
0.4957 0.5675
0.4941 0.566
0.4924 0.5662
0.4915 0.5677
0.4908 0.5686
0.4913 0.5693
0.4913 0.5693
0.4929 0.5645
0.4942 0.5611
0.4941 0.5598
0.4719 0.5419
0.4608 0.6235
0.4608 0.6235
0.4582 0.559
0.4733 0.5972
0.4708 0.5949
0.4747 0.5661
0.4749 0.5617
0.4747 0.5618
0.4746 0.5556
0.4743 0.5561
0.4729 0.5571
0.4717 0.5595
0.4717 0.5595
0.4714 0.5604
0.4704 0.5614
0.4662 0.5619
0.4645 0.563
0.4629 0.5646
0.4607 0.5669
0.4552 0.5714
0.4508 0.5698
0.4473 0.5671
0.4435 0.5805
0.4211 0.5769
0.4196 0.5808
0.4181 0.5795
0.4166 0.5781
0.4113 0.5816
0.4059 0.5785
0.4059 0.5785
0.4008 0.5782
0.3971 0.5745
0.3935 0.5759
0.3904 0.5861
0.385 0.5973
0.3825 0.602
0.3781 0.6065
0.3761 0.6086
0.376 0.6087
0.374 0.6065
0.3758 0.6058
0.3645 0.5871
0.3614 0.5893
0.3604 0.5912
0.3597 0.5947
0.358 0.6036
0.3585 0.6012
0.3597 0.6006
0.3613 0.5953
0.362 0.5932
0.3587 0.5965
0.3641 0.5914
0.366 0.5941
0.4345 0.6014
0.4911 0.6086
0.5061 0.5828
0.5197 0.5649
0.5236 0.5541
0.5267 0.5499
0.5277 0.5544
0.5339 0.5543
0.534 0.5389
0.5549 0.5438
0.5562 0.5346
0.5584 0.5261
0.5727 0.5464
0.583 0.5703
0.5995 0.5632
0.6046 0.5546
0.6031 0.5539
0.5943 0.5666
0.5942 0.5683
0.5942 0.5683
0.6 0.5688
0.5848 0.5318
0.5877 0.5321
0.5879 0.5338
0.5945 0.5419
0.6306 0.5886
0.6492 0.6002
0.6614 0.5991
0.6681 0.5951
0.6832 0.5863
0.6901 0.586
0.7183 0.5801
0.7482 0.5358
0.7644 0.4124
0.8153 0.4581
0.7209 0.4926
0.7209 0.4926
0.5695 0.5347
0.5717 0.5503
0.5702 0.549
0.5588 0.5347
0.4844 0.5655
0.4715 0.5696
0.4703 0.5717
0.471 0.5712
0.4729 0.5696
0.4754 0.5661
0.4767 0.5657
0.4791 0.5655
0.4839 0.5677
0.4853 0.5682
0.4873 0.5693
0.4901 0.5705
0.4901 0.5705
0.4976 0.5747
0.4999 0.5758
0.4999 0.5758
0.5065 0.5781
0.5128 0.5774
0.5223 0.5788
0.5304 0.5766
0.5332 0.5749
0.5456 0.5694
0.5825 0.571
0.5836 0.5846
0.5933 0.5786
0.6008 0.5527
0.6016 0.5505
0.6039 0.581
0.6003 0.5723
0.5911 0.557
0.5878 0.5498
0.5874 0.5486
0.5857 0.5434
0.5859 0.5405
0.5865 0.5403
0.5853 0.5387
0.5823 0.5419
0.5823 0.5419
0.5741 0.562
0.5688 0.5807
0.5709 0.5951
0.5702 0.6152
0.5259 0.56
0.5233 0.5663
0.5154 0.576
0.49 0.5903
0.5001 0.607
0.4687 0.5806
0.4641 0.5863
0.4671 0.5611
0.4677 0.5584
0.4681 0.5591
0.4692 0.5565
0.4711 0.5542
0.4718 0.5539
0.4738 0.5529
0.4703 0.5524
0.4704 0.5528
0.4711 0.5526
0.4701 0.5532
0.4704 0.553
0.4699 0.5523
0.4699 0.5508
0.4701 0.5501
0.4695 0.5487
0.4702 0.5479
0.4697 0.5481
0.4702 0.5482
0.4699 0.5479
0.4691 0.5469
0.468 0.5477
0.4687 0.5467
0.4687 0.5469
0.4687 0.5473
0.4688 0.5477
0.4689 0.5494
0.4691 0.5502
0.4691 0.550
0.4691 0.5512
0.4689 0.551
0.4685 0.55
0.4679 0.5494
0.4677 0.548
0.4675 0.5467
0.4669 0.5449
0.467 0.5446
0.4672 0.5455
0.4674 0.5465
0.4685 0.547
0.4698 0.5493
0.471 0.5502
0.4716 0.5501
0.4728 0.5505
0.4741 0.5494
0.4745 0.5493
0.4773 0.5517
0.4752 0.5513
0.4748 0.5518
0.4749 0.5539
0.4751 0.5541
0.4754 0.5543
0.4768 0.5532
0.4771 0.5525
0.478 0.5512
0.4802 0.5498
0.4807 0.5501
0.4814 0.5516
0.4816 0.5536
0.4816 0.5544
0.482 0.5566
0.4815 0.5566
0.4777 0.5506
0.4767 0.5505
0.475 0.549
0.4747 0.5489
0.4758 0.5494
0.4771 0.5491
0.4782 0.5485
0.481 0.5464
0.4827 0.5454
0.4835 0.5452
0.4885 0.5439
0.4923 0.5446
0.4993 0.5474
0.5064 0.5491
0.5084 0.55
0.5135 0.5531
0.519 0.5526
0.5223 0.5563
0.5284 0.5564
0.5387 0.556
0.5419 0.5518
0.5518 0.5396
0.5564 0.541
0.5582 0.541
0.5659 0.5401
0.5716 0.538
0.5771 0.5373
0.5795 0.5361
0.5809 0.5353
0.5828 0.5358
0.5862 0.5363
0.5862 0.5363
0.5876 0.5346
0.5903 0.5426
0.5903 0.5555
0.5936 0.5548
0.5979 0.5665
0.6009 0.56
0.6076 0.5583
0.5835 0.528
0.5825 0.5294
0.5821 0.5278
0.5819 0.5294
0.5816 0.5268
0.5798 0.5277
0.5843 0.5261
0.5346 0.5341
0.5326 0.5369
0.5324 0.5376
0.5325 0.5388
0.536 0.5414
0.5365 0.5449
0.5381 0.5441
0.5394 0.5405
0.492 0.5301
0.4553 0.5307
0.4521 0.5303
0.4507 0.5307
0.4506 0.5316
0.4507 0.5321
0.4502 0.5344
0.4507 0.5354
0.4509 0.5355
0.4511 0.5353
0.4682 0.5708
0.4358 0.519
0.4712 0.5784
0.4578 0.548
0.4558 0.5282
0.4516 0.5314
0.4597 0.5516
0.471 0.5456
0.4739 0.5437
0.4731 0.5399
0.4726 0.539
0.4577 0.5334
0.4577 0.5334
0.459 0.5335
0.4568 0.5322
0.4567 0.5333
0.4544 0.5319
0.4519 0.5339
0.4571 0.5585
0.4571 0.5585
0.4571 0.5585
0.4511 0.6531
0.4362 0.5619
0.4362 0.5619
0.4586 0.5244
0.4482 0.5429
0.4471 0.5389
0.4465 0.5442
0.4501 0.5421
0.452 0.5402
0.4538 0.5364
0.4542 0.5358
0.4525 0.5348
0.4524 0.5327
0.471 0.5379
0.4751 0.5391
0.4776 0.5412
0.4781 0.5418
0.4786 0.5444
0.4724 0.5375
0.4692 0.5376
0.4655 0.5461
0.465 0.5436
0.465 0.5436
0.4652 0.5432
0.4669 0.5426
0.4672 0.5435
0.4684 0.5435
0.4692 0.543
0.4702 0.5418
0.4719 0.5397
0.4722 0.5393
0.4716 0.5395
0.4707 0.5409
0.4701 0.5411
0.4696 0.5396
0.4693 0.5379
0.4692 0.5374
0.4699 0.5361
0.4718 0.536
0.4725 0.5364
0.4747 0.5365
0.4769 0.5369
0.4769 0.5369
0.4778 0.5375
0.4778 0.5378
0.4761 0.5406
0.4747 0.543
0.4738 0.5444
0.4743 0.5447
0.4747 0.5448
0.4758 0.5449
0.4764 0.5441
0.4766 0.5428
0.4768 0.5426
0.4772 0.5427
0.4762 0.5429
0.4767 0.5446
0.4767 0.5456
0.4766 0.5448
0.4766 0.5433
0.4761 0.5425
0.476 0.5414
0.4761 0.5412
0.4762 0.5424
0.4763 0.5425
0.4762 0.5414
0.4761 0.5405
0.4762 0.5404
0.4777 0.5407
0.4779 0.5421
0.4779 0.5423
0.4779 0.543
0.4764 0.5425
0.4764 0.5425
0.4764 0.5427
0.4765 0.5432
0.4773 0.5437
0.4772 0.5436