-1
-1
-1
-1
-1
-1
-1
-1
-1
-1
-1
-1
-1
-1
-1
-1
-1
-1
-1
-1
-1
-1
-1
-1
-1
-1
-1
-1
-1
0.487 0.4037
0.475 0.4069
0.475 0.4069
0.4128 0.3893
0.4247 0.3957
0.442 0.3943
0.448 0.391
0.4487 0.4161
0.4581 0.5242
0.4581 0.5242
0.4581 0.5242
0.4758 0.6607
0.481 0.552
0.4978 0.5736
0.4683 0.4574
0.4728 0.4592
0.4736 0.4602
0.4746 0.4605
0.4759 0.461
0.4758 0.4587
0.4759 0.4567
0.4486 0.4871
0.4603 0.684
0.4604 0.6996
0.4606 0.7065
0.5067 0.6428
0.4809 0.669
0.4807 0.6675
0.4955 0.7881
0.4955 0.7881
0.4955 0.7881
0.4955 0.7881
0.5019 0.7273
0.5044 0.5886
0.5035 0.5252
0.5025 0.4847
0.5004 0.4346
0.5021 0.4231
0.5021 0.4231
0.508 0.4187
0.4891 0.4073
0.4799 0.4
0.4799 0.4
0.4755 0.3985
0.4752 0.3994
0.4752 0.3994
0.4978 0.4113
0.5063 0.4175
0.5071 0.4197
0.5073 0.421
0.5074 0.4233
0.5069 0.4289
0.5073 0.4289
0.5088 0.4306
0.5103 0.4416
0.5112 0.4437
0.5117 0.4456
0.5132 0.4522
0.5133 0.4537
0.5132 0.4549
0.513 0.4566
0.5133 0.4573
0.5137 0.4586
0.5136 0.4585
0.5138 0.4587
0.5131 0.4578
0.5125 0.4564
0.5043 0.4454
0.4884 0.4272
0.4875 0.4246
0.4872 0.4233
0.4977 0.4389
0.5025 0.445
0.5029 0.4449
0.5029 0.4449
0.5029 0.4445
0.5029 0.4441
0.5028 0.4442
0.5025 0.4448
0.502 0.4462
0.5016 0.4463
0.5144 0.4368
0.5557 0.4135
0.6296 0.3785
0.6285 0.3805
0.6112 0.4149
0.6351 0.4134
0.6529 0.4346
0.6542 0.4414
0.6543 0.4474
0.6134 0.4464
0.5651 0.4764
0.5491 0.4726
0.5405 0.4667
0.5403 0.4645
0.5401 0.4635
0.5398 0.4603
0.4913 0.4525
0.4913 0.4525
0.4913 0.4525
0.4822 0.452
0.483 0.4509
0.4848 0.4489
0.488 0.4473
0.4867 0.5404
0.4867 0.5404
0.4867 0.5404
0.4684 0.6096
0.4879 0.5179
0.4905 0.4833
0.4925 0.4644
0.4936 0.4607
0.4977 0.4577
0.5003 0.4595
0.5014 0.4565
0.502 0.4533
0.5027 0.4522
0.5027 0.4522
0.5077 0.4431
0.5097 0.4406
0.5098 0.4407
0.5096 0.441
0.4946 0.4348
0.4911 0.4362
0.4902 0.4368
0.4896 0.4379
0.4958 0.4387
0.4989 0.4394
0.5004 0.44
0.5013 0.4392
0.5018 0.4381
0.5018 0.4381
0.5022 0.4382
0.5022 0.4369
0.5023 0.4361
0.5022 0.4354
0.5016 0.4346
0.5012 0.4336
0.501 0.4333
0.5007 0.4332
0.5068 0.4368
0.5085 0.4371
0.5088 0.4374
0.5094 0.4372
0.5096 0.4374
0.5093 0.4379
0.5081 0.4394
0.5067 0.439
0.5059 0.4393
0.5059 0.4393
0.505 0.4376
0.5052 0.4365
0.5054 0.4364
0.5051 0.4366
0.5041 0.4385
0.504 0.4389
0.5039 0.439
0.5042 0.4387
0.505 0.4373
0.5055 0.4359
0.5055 0.4359
0.5058 0.4353
0.5059 0.4356
0.5059 0.4356
0.506 0.4358
0.5062 0.437
0.5061 0.4378
0.5058 0.4385
0.506 0.439
0.5058 0.4395
0.5056 0.4397
0.5054 0.4397
0.5055 0.439
0.5051 0.439
0.5051 0.439
0.5047 0.4394
0.5049 0.4392
0.505 0.4391
0.5053 0.4389
0.5054 0.4391
0.5054 0.4391
0.5063 0.439
0.5062 0.4387
0.5063 0.4389
0.5061 0.4386
0.5058 0.4386
0.5057 0.4386
0.5061 0.439
0.506 0.4393
0.5063 0.4399
0.5063 0.4403
0.5061 0.4405
0.5057 0.4405
0.5049 0.4405
0.5048 0.4402
0.5045 0.4396
0.5048 0.4396
0.5049 0.4399
0.5049 0.4402
0.505 0.44
0.5051 0.4411
0.505 0.4414
0.5047 0.4411
0.5042 0.4403
0.5039 0.4399
0.5038 0.4399
0.5036 0.44
0.5036 0.4395
0.5042 0.439
0.5042 0.4391
0.5049 0.439
0.5052 0.4389
0.5047 0.4396
0.5045 0.4399
0.5041 0.4403
0.5039 0.4403
0.5037 0.4404
0.5037 0.44
0.5043 0.4391
0.5046 0.4389
0.5046 0.4389
0.5058 0.4382
0.5134 0.4238
0.5134 0.4238
0.5204 0.4033
0.5266 0.3863
0.5272 0.385
0.5272 0.385
0.5274 0.3846
0.5274 0.3848
0.5294 0.3814
0.5292 0.3816
0.5281 0.383
0.527 0.3834
0.5265 0.3833
0.5257 0.3835
0.524 0.3836
0.524 0.3836
0.5231 0.3834
0.5222 0.3831
0.5219 0.3834
0.5218 0.3833
0.5179 0.4602
0.5177 0.4524
0.4931 0.4184
0.4932 0.4186
0.5173 0.4449
0.5169 0.4421
0.5169 0.4421
0.5166 0.4404
0.5028 0.4126
0.5031 0.4135
0.5032 0.4231
0.4915 0.5523
0.4868 0.5994
0.5237 0.6021
0.4729 0.5007
0.4692 0.4678
0.4674 0.4636
0.4674 0.4636
0.4663 0.4567
0.4717 0.4468
0.4707 0.4463
0.4688 0.4481
0.4708 0.4502
0.4714 0.4525
0.4714 0.4525
0.5235 0.4828
0.4841 0.439
0.4841 0.439
0.4839 0.4392
0.4837 0.4407
0.4835 0.4415
0.4834 0.4423
0.5193 0.4352
0.5124 0.4217
0.5132 0.4738
0.5124 0.478
0.4944 0.4452
0.4941 0.4469
0.5112 0.4805
0.511 0.4825
0.4934 0.4587
0.4931 0.4624
0.4927 0.4634
0.4944 0.4625
0.4939 0.4632
0.4936 0.4636
0.4922 0.4665
0.4912 0.4682
0.4858 0.4776
0.4858 0.4776
0.4811 0.4859
0.4801 0.4865
0.4798 0.4867
0.4795 0.4872
0.4794 0.4896
0.4794 0.4908
0.4794 0.4908
0.4793 0.4914
0.4802 0.4932
0.4804 0.494
0.4806 0.4945
0.4809 0.4969
0.4807 0.498
0.4807 0.498
0.4799 0.5007
0.4794 0.5022
0.479 0.5035
0.4788 0.5041
0.4791 0.5048
0.4796 0.5055
0.4796 0.5055
0.48 0.5063
0.4802 0.5071
0.48 0.5068
0.4799 0.5066
0.4793 0.506
0.4791 0.5056
0.4789 0.5057
0.4789 0.5059
0.4791 0.5064
0.4794 0.5063
0.4794 0.5063
0.4795 0.5058
0.4793 0.5053
0.4789 0.505
0.4783 0.5049
0.4755 0.5054
0.4738 0.5056
0.473 0.5057
0.4721 0.5061
0.4719 0.5066
0.4723 0.5066
0.4723 0.5066
0.4732 0.5067
0.4735 0.507
0.4738 0.507
0.4745 0.5072
0.4747 0.5067
0.4755 0.5059
0.4755 0.5059
0.4765 0.5049
0.4768 0.5051
0.4769 0.5053
0.4768 0.5052
0.477 0.5051
0.4769 0.5042
0.4769 0.5042
0.4765 0.5023
0.4763 0.5014
0.476 0.5004
0.4759 0.5001
0.4761 0.5006
0.4767 0.5002
0.4769 0.4996
0.4768 0.4992
0.4768 0.4987
0.4768 0.4987
0.4768 0.4986
0.4766 0.4989
0.4767 0.4988
0.4766 0.4993
0.4768 0.5003
0.477 0.5009
0.4769 0.5022
0.4771 0.5031
0.4792 0.5087
0.4792 0.5087
0.4972 0.6329
0.4764 0.5602
0.4824 0.5092
0.4808 0.5061
0.4808 0.5061
0.4808 0.5045
0.4808 0.5027
0.481 0.502
0.481 0.502
0.4804 0.5012
0.4801 0.5017
0.4801 0.5017
0.4799 0.5022
0.4792 0.5035
0.4788 0.5042
0.4788 0.5042
0.4784 0.5034
0.4784 0.5033
0.4784 0.5032
0.4782 0.5029
0.478 0.5026
0.4779 0.5033
0.478 0.5042
0.4779 0.506
0.478 0.5081
0.4777 0.5096
0.4777 0.5101
0.4802 0.4989
0.4817 0.4942
0.4817 0.4941
0.4819 0.494
0.482 0.4944
0.482 0.4946
0.482 0.4947
0.4819 0.4946
0.4818 0.4944
0.4818 0.4941
0.4818 0.4928
0.4819 0.491
0.4819 0.4905
0.482 0.49
0.4821 0.4891
0.4823 0.489
0.4823 0.489
0.4825 0.4888
0.4828 0.4879
0.4832 0.4871
0.4835 0.4871
0.4841 0.4868
0.4845 0.4868
0.4847 0.4869
0.4847 0.4869
0.4848 0.4868
0.4848 0.4856
0.4847 0.4851
0.4698 0.4977
0.4673 0.4997
0.4668 0.4995
0.4666 0.4996
0.4397 0.4959
0.4335 0.4965
0.4335 0.4965
0.4333 0.4966
0.4337 0.4966
0.4343 0.4974
0.4345 0.4981
0.4134 0.5005
0.4117 0.4997
0.4117 0.4997
0.4109 0.4993
0.3879 0.498
0.3648 0.4981
0.3613 0.4965
0.3616 0.4945
0.363 0.4939
0.3635 0.4938
0.3635 0.4937
0.3442 0.5043
0.3437 0.5033
0.3444 0.5034
0.3467 0.503
0.35 0.4959
0.3512 0.4956
0.3514 0.496
0.3545 0.4946
0.3565 0.4936
0.3565 0.4936
0.3622 0.4929
0.3643 0.492
0.3648 0.4913
0.3662 0.491
0.3667 0.4913
0.3674 0.4899
0.3677 0.4893
0.3682 0.4886
0.368 0.488
0.3678 0.4883
0.3678 0.4883
0.3672 0.4893
0.3671 0.4894
0.3671 0.4894
0.3672 0.4883
0.3668 0.4874
0.3662 0.486
0.3657 0.4856
0.3653 0.4865
0.3643 0.4862
0.3642 0.4861
0.3634 0.485
0.3641 0.4817
0.3641 0.4817
0.3642 0.4808
0.3647 0.4805
0.3668 0.4806
0.3668 0.4806
0.3733 0.4787
0.3769 0.4792
0.4042 0.4728
0.3992 0.4689
0.3989 0.467
0.4019 0.4634
0.4019 0.4634
0.4172 0.4597
0.4223 0.46
0.4224 0.4542
0.4229 0.4539
0.4242 0.453
0.4256 0.4519
0.4367 0.4469
0.4635 0.452
0.4686 0.4509
0.4691 0.4508
0.4695 0.4505
0.4695 0.4505
0.4706 0.4501
0.4718 0.4504
0.4724 0.4507
0.4731 0.4516
0.473 0.4525
0.4724 0.454
0.4724 0.454
0.4715 0.4555
0.4705 0.4558
0.4705 0.4558
0.4701 0.4554
0.4703 0.4545
0.4702 0.4538
0.4701 0.4533
0.4676 0.4522
0.5438 0.4493
0.5967 0.5306
0.6737 0.5293
0.6417 0.481
0.6289 0.4817
0.6223 0.4806
0.6053 0.4841
0.6205 0.5148
0.6637 0.5557
0.6813 0.5688
0.6275 0.512
0.6093 0.5078
0.6093 0.5078
0.581 0.5028
0.5666 0.5062
0.56 0.5104
0.5531 0.5118
0.5355 0.5076
0.5259 0.5077
0.5234 0.5038
0.5037 0.4964
0.4742 0.4761
0.4733 0.4766
0.4732 0.4771
0.4743 0.4781
0.474 0.478
0.4742 0.4779
0.4591 0.4613
0.4562 0.4569
0.4566 0.4562
0.458 0.457
0.4619 0.4607
0.4605 0.4596
0.4605 0.4596
0.4614 0.4617
0.4623 0.4628
0.4626 0.4633
0.463 0.4638
0.467 0.4692
0.4705 0.4723
0.4705 0.4723
0.4744 0.4765
0.4772 0.4563
0.4788 0.4394
0.5508 0.4753
0.4827 0.4381
0.4901 0.438
0.4901 0.438
0.492 0.4376
0.5039 0.4305
0.5069 0.4296
0.5069 0.4296
0.5137 0.4512
0.4864 0.6424
0.5514 0.6434
0.5093 0.4994
0.5146 0.4804
0.5158 0.4787
0.5158 0.4787
0.518 0.4687
0.5191 0.4654
0.5333 0.4584
0.5383 0.4572
0.5383 0.4572
0.5404 0.4587
0.54 0.4596
0.5356 0.4595
0.5337 0.4583
0.5321 0.4554
0.5321 0.4554
0.5294 0.4532
0.526 0.4555
0.5229 0.4587
0.5192 0.4626
0.5169 0.466
0.5149 0.465
0.5108 0.4606
0.5083 0.4558
0.5072 0.4572
0.5072 0.4572
0.507 0.4577
0.5072 0.4582
0.5092 0.4574
0.5092 0.4574
0.5099 0.4571
0.5139 0.4557
0.6391 0.5501
0.602 0.4849
0.6057 0.4945
0.6443 0.4523
0.6436 0.4254
0.6428 0.4175
0.6356 0.4173
0.6957 0.5075
0.7415 0.525
0.7627 0.53
0.7611 0.5314
0.7569 0.5353
0.7478 0.5319
0.7221 0.5266
0.6993 0.5019
0.6993 0.5019
0.685 0.484
0.6794 0.4814
0.708 0.5035
0.7324 0.4797
0.7105 0.4565
0.7008 0.4579
0.697 0.4585
0.6867 0.4555
0.5893 0.4523
0.5585 0.4521
0.5448 0.4495
0.5347 0.4566
0.5288 0.4621
0.5288 0.4621
0.5199 0.4711
0.5254 0.477
0.5519 0.4432
0.5607 0.4464
0.5605 0.4459
0.5592 0.445
0.5596 0.4425
0.5594 0.4448
0.5604 0.4444
0.5611 0.443
0.5618 0.442
0.5622 0.4418
0.5503 0.4155
0.5503 0.4155
0.5481 0.4166
0.5472 0.4185
0.547 0.4184
0.5468 0.4184
0.5448 0.4525
0.5035 0.4268
0.5035 0.4268
0.4847 0.4234
0.4824 0.4225
0.4835 0.4218
0.4707 0.4199
0.4373 0.3964
0.4193 0.4173
0.4191 0.4087
0.4191 0.4087
0.4256 0.4093
0.435 0.4026
0.4397 0.3981
0.4159 0.4119
0.3656 0.4176
0.3614 0.4209
0.3664 0.423
0.3865 0.4258
0.4012 0.4241
0.4054 0.4283
0.4226 0.4139
0.3989 0.425
0.3911 0.4292
0.3887 0.4327
0.4044 0.4292
0.412 0.4264
0.412 0.4264
0.4167 0.4187
0.3838 0.5329
0.3838 0.5329
0.207 0.1583
0.3077 0.4661
0.322 0.4351
0.322 0.4351
0.3365 0.4378
0.3222 0.4869
0.2973 0.5055
0.2911 0.5082
0.2996 0.4996
0.3083 0.5005
0.3154 0.4974
0.3197 0.4921
0.3202 0.4909
0.2696 0.5106
0.2205 0.5238
0.2192 0.5447
0.2292 0.5348
0.2368 0.532
0.2438 0.5327
0.2536 0.4098
0.179 0.4158
0.179 0.4158
0.179 0.4158
0.2051 0.5591
0.211 0.5574
0.2174 0.5572
0.2371 0.5828
0.2496 0.5976
0.2496 0.5976
0.2695 0.6094
0.2764 0.6125
0.2861 0.5995
0.2899 0.5575
0.2962 0.5134
0.299 0.5116
0.299 0.5116
0.3047 0.5017
0.3047 0.5017
0.306 0.5065
0.3067 0.5
0.3112 0.5142
0.3916 0.5268
0.4577 0.5372
0.4929 0.5472
0.5497 0.473
0.5493 0.4714
0.5493 0.4714
0.5387 0.4872
0.4165 0.4635
0.3767 0.4937
0.3598 0.4986
0.3586 0.4941
0.3579 0.4937
0.3579 0.4937
0.3576 0.4927
0.3572 0.4934
0.3575 0.4952
0.3575 0.4952
0.3577 0.4955
0.3583 0.4956
0.3687 0.5521
0.3687 0.5521
0.3679 0.6518
0.3659 0.5853
0.3665 0.5778
0.3619 0.5723
0.363 0.5725
0.3626 0.5732
0.3626 0.5736
0.3621 0.575
0.3337 0.546
0.3276 0.5342
0.3245 0.5262
0.3245 0.5253
0.3432 0.7215
0.3432 0.7215
0.3432 0.7215
0.3099 0.7021
0.3099 0.7021
0.2906 0.6963
0.3557 0.5714
0.3559 0.5685
0.3533 0.5664
0.5653 0.4998
0.6043 0.4946
0.6078 0.4931
0.6074 0.4878
0.5928 0.5075
0.5733 0.6958
0.5733 0.6958
0.5733 0.6958
0.5733 0.6958
0.456 0.7696
0.3672 0.8673
0.2364 0.6936
0.2321 0.6936
0.2336 0.6943
0.2335 0.6916
0.2427 0.7446
0.2427 0.7446
0.2427 0.7446
0.3117 0.9757
0.3955 0.8938
0.3678 0.7985
0.3697 0.6781
0.3729 0.6515
0.3665 0.6397
0.3934 0.5874
0.4234 0.526
0.4223 0.5229
0.4224 0.5219
0.4227 0.5213
0.4232 0.5211
0.423 0.5211
0.423 0.5211
0.4228 0.5203
0.4193 0.5224
0.3447 0.5213
0.3108 0.5228
0.2996 0.5241
0.3066 0.5199
0.3087 0.5178
0.3109 0.5175
0.3144 0.5171
0.3144 0.5171
0.3169 0.5066
0.3174 0.5063
0.3183 0.508
0.3186 0.5069
0.3181 0.5034
0.3184 0.5023
0.3184 0.5023
0.3184 0.5023
0.3445 0.7749
0.3367 0.6367
0.3329 0.6031
0.3235 0.5405
0.3232 0.5092
0.3234 0.5039
0.3234 0.5039
0.3236 0.5013
0.3236 0.4991
0.3233 0.4986
0.323 0.4936
0.3237 0.4895
0.3243 0.4899
0.3244 0.4909
0.3342 0.6631
0.3342 0.6631
0.3342 0.6631
0.493 0.7201
0.5544 0.6507
0.5638 0.5453
0.5638 0.5453
0.5614 0.5263
0.5596 0.5231
0.559 0.5229
0.5242 0.5329
0.3222 0.5531
0.2869 0.5492
0.2869 0.5492
0.2835 0.5479
0.2858 0.5466
0.2865 0.546
0.2867 0.5451
0.288 0.5443
0.2894 0.5454
0.2894 0.5454
0.2908 0.5486
0.2799 0.544
0.2779 0.5441
0.2783 0.5451
0.2789 0.5467
0.28 0.5483
0.2802 0.5562
0.2802 0.5562
0.2802 0.5562
0.2802 0.5562
0.2002 0.4542
0.2002 0.4542
0.2791 0.5898
0.2814 0.5719
0.2809 0.5604
0.2822 0.5591
0.2824 0.5597
0.2824 0.5597
0.2822 0.5606
0.2817 0.5634
0.2813 0.5643
0.2814 0.5644
0.2806 0.5644
0.4118 0.5855
0.3802 0.5734
0.5373 0.5106
0.5581 0.5042
0.5571 0.5007
0.5489 0.6593
0.5489 0.6593
0.5489 0.6593
0.5489 0.6593
0.5134 0.7574
0.5107 0.6195
0.5145 0.5202
0.5145 0.5202
0.5085 0.4818
0.5076 0.4833
0.4665 0.4792
0.3919 0.5166
0.3225 0.5185
0.3228 0.5145
0.3251 0.5137
0.3277 0.5129
0.3296 0.5129
0.3306 0.5132
0.3308 0.5142
0.3319 0.5148
0.3322 0.5163
0.3322 0.5172
0.332 0.52
0.3321 0.5207
0.3332 0.5219
0.3336 0.5224
0.3332 0.5235
0.3327 0.5224
0.3324 0.5225
0.3315 0.523
0.3308 0.5236
0.3306 0.5244
0.3306 0.5244
0.3303 0.5257
0.3301 0.5258
0.3306 0.5236
0.3308 0.5222
0.332 0.5198
0.3331 0.5186
0.3331 0.5186
0.3344 0.5168
0.335 0.5189
0.3351 0.5197
0.3349 0.5199
0.3333 0.5197
0.3322 0.5199
0.3318 0.5199
0.3312 0.5198
0.3281 0.5197
0.3257 0.519
0.3257 0.519
0.3233 0.5178
0.3199 0.5135
0.3189 0.5129
0.319 0.6144
0.319 0.6144
0.319 0.6144
0.319 0.6144
0.319 0.6144
0.5026 0.7688
0.5026 0.7688
0.5547 0.6174
0.5069 0.557
0.5072 0.5527
0.5072 0.5527
0.5082 0.5527
0.4886 0.5587
0.4195 0.5744
0.2933 0.5909
0.2838 0.5912
0.2844 0.5909
0.2854 0.5899
0.2872 0.5889
0.2891 0.5891
0.2899 0.5891
0.2909 0.5872
0.2922 0.5859
0.2964 0.5823
0.2964 0.5823
0.2938 0.5197
0.297 0.5169
0.2983 0.5186
0.2965 0.5366
0.2873 0.5388
0.3743 0.6679
0.3743 0.6679
0.3743 0.6679
0.3743 0.6679
0.3743 0.6679
0.3743 0.6679
0.5443 0.7187
0.5867 0.5868
0.5867 0.5868
0.5849 0.5063
0.5775 0.4942
0.5757 0.5065
0.6332 0.5573
0.7467 0.7827
0.8344 0.7735
0.8344 0.7735
0.8625 0.6737
0.8464 0.6096
0.8226 0.6826
0.8226 0.6826
0.7945 0.606
0.8315 0.5305
0.8163 0.5811
0.784 0.573
0.7672 0.5786
0.6005 0.5266
0.6005 0.5266
0.5094 0.5048
0.5023 0.5004
0.5016 0.5021
0.5015 0.5041
0.4659 0.3799
0.4637 0.3753
0.4621 0.3695
0.4578 0.3614
0.4546 0.3648
0.4526 0.3668
0.4506 0.3627
0.5118 0.4291
0.5255 0.4388
0.5255 0.4388
0.5246 0.438
0.508 0.6745
0.508 0.6745
0.508 0.6745
0.421 0.6493
0.423 0.567
0.4289 0.5217
0.4315 0.515
0.4308 0.5165
0.4297 0.5162
0.4297 0.5162
0.4296 0.5146
0.4451 0.537
0.4492 0.541
0.4509 0.5407
0.4593 0.5378
0.4589 0.5588
0.457 0.5705
0.4583 0.5793
0.4601 0.5807
0.4662 0.583
0.4662 0.583
0.4695 0.5836
0.255 0.5907
0.2445 0.5857
0.2474 0.5796
0.2761 0.5737
0.2937 0.5759
0.3021 0.5768
0.3198 0.581
0.3563 0.5158
0.3752 0.4642
0.3752 0.4642
0.3817 0.4526
0.3861 0.4368
0.3851 0.4437
0.3917 0.4396
0.4433 0.4446
0.4479 0.4457
0.4491 0.4456
0.4517 0.4438
0.4542 0.4433
0.4552 0.4426
0.4564 0.442
0.4603 0.441
0.4624 0.4418
0.4624 0.4418
0.4648 0.4428
0.4582 0.4457
0.4552 0.4467
0.4551 0.4472
0.456 0.4466
0.4568 0.4455
0.463 0.4468
0.4718 0.4452
0.4729 0.4454
0.4732 0.4453
0.4735 0.4453
0.4735 0.4457
0.4733 0.446
0.4728 0.4464
0.4728 0.4464
0.471 0.4476
0.469 0.4468
0.4687 0.4448
0.4681 0.4414
0.4674 0.4381
0.467 0.4371
0.4666 0.4363
0.4665 0.4341
0.4725 0.4222
0.4725 0.4222
0.4734 0.4211
0.4736 0.4211
0.4751 0.4331
0.4751 0.4331
0.4736 0.4666
0.4726 0.4693
0.4716 0.4727
0.471 0.4704
0.5835 0.4739
0.5982 0.476
0.5949 0.4743
0.5859 0.4705
0.5867 0.5528
0.6357 0.5505
0.6534 0.5619
0.5982 0.5068
0.5728 0.5014
0.5728 0.5014
0.6821 0.5594
0.717 0.5342
0.6772 0.4803
0.6903 0.5018
0.6752 0.4915
0.6573 0.5217
0.663 0.5222
0.6783 0.4792
0.662 0.4271
0.6564 0.4216
0.6564 0.4216
0.6502 0.4126
0.6444 0.4179
0.6413 0.4083
0.6308 0.4053
0.6271 0.4038
0.6257 0.4129
0.6233 0.4097
0.6255 0.4229
0.5825 0.4577
0.5763 0.4668
0.5739 0.4691
0.5735 0.4677
0.5741 0.469
0.5745 0.4694
0.5749 0.4704
0.5792 0.4636
0.5201 0.4496
0.5201 0.4496
0.5004 0.4373
0.5207 0.4705
0.5147 0.4731
0.513 0.4747
0.5033 0.442
0.4897 0.4555
0.4897 0.4555
0.448 0.4529
0.4284 0.4577
0.428 0.458
0.428 0.458
0.4388 0.4362
0.4426 0.4376
0.4463 0.4366
0.4557 0.4369
0.4647 0.4364
0.4568 0.4545
0.4529 0.4616
0.4513 0.4696
0.4541 0.4704
0.4571 0.47
0.4571 0.47
0.4655 0.4676
0.478 0.4657
0.478 0.4657
0.3541 0.4806
0.3472 0.4855
0.3508 0.4864
0.3592 0.4877
0.3811 0.4715
0.3996 0.4589
0.401 0.4593
0.4096 0.4571
0.4252 0.4476
0.4248 0.4483
0.4252 0.4495
0.4289 0.4509
0.4378 0.4518
0.4378 0.4518
0.4456 0.4528
0.4495 0.4526
0.4505 0.4508
0.4505 0.4508
0.4512 0.4487
0.4518 0.4484
0.4521 0.4479
0.4524 0.4472
0.4597 0.4539
0.465 0.4549
0.4663 0.4546
0.4681 0.4547
0.4685 0.4549
0.4691 0.4555
0.4697 0.4557
0.4711 0.457
0.4693 0.4632
0.4693 0.4632
0.4611 0.4797
0.4587 0.482
0.4583 0.4821
0.4577 0.4822
0.4564 0.4834
0.4981 0.5964
0.5228 0.6956
0.5413 0.7662
0.5393 0.7716
0.5388 0.7716
0.5384 0.7713
0.5376 0.7495
0.4608 0.509
0.4563 0.4841
0.4543 0.4693
0.456 0.4692
0.458 0.4737
0.458 0.4737
0.4604 0.4744
0.4624 0.4758
0.4628 0.4758
0.4653 0.4787
0.4491 0.3912
0.4494 0.3907
0.4494 0.3907
0.4742 0.4052
0.4842 0.4047
0.4805 0.4077
0.4789 0.4102
0.4775 0.4097
0.4773 0.4105
0.4773 0.4105
0.4773 0.4112
0.4734 0.4101
0.4764 0.4089
0.4757 0.4087
0.4748 0.4085
0.4737 0.4091
0.4725 0.41
0.495 0.4296
0.6215 0.4292
0.621 0.428
0.621 0.428
0.611 0.4328
0.604 0.435
0.604 0.435
0.604 0.435
0.6088 0.4813
0.5972 0.4915
0.5972 0.4915
0.5972 0.4915
0.5841 0.5813
0.5868 0.5911
0.5122 0.7019
0.5237 0.5555
0.5317 0.4731
0.5317 0.4731
0.5267 0.4613
0.5132 0.4679
0.5097 0.47
0.5094 0.525
0.5094 0.525
0.4875 0.5596
0.4875 0.5596
0.4741 0.4648
0.4675 0.4566
0.4611 0.4567
0.4927 0.4685
0.6687 0.4817
0.672 0.4823
0.6707 0.4947
0.6693 0.4965
0.6643 0.4973
0.6554 0.4652
0.6554 0.4652
0.6567 0.3023
0.6803 0.377
0.6723 0.3492
0.6723 0.3492
0.6655 0.3339
0.6622 0.3388
0.664 0.344
0.471 0.3869
0.4561 0.3887
0.4566 0.3892
0.4566 0.3892
0.458 0.3879
0.4952 0.4313
0.4997 0.4519
0.502 0.4839
0.5038 0.4634
0.5063 0.4444
0.5079 0.4382
0.5089 0.4333
0.483 0.4461
0.4796 0.4471
0.4794 0.4478
0.4842 0.4462
0.4878 0.4442
0.4909 0.4434
0.4768 0.4403
0.3466 0.4405
0.3417 0.4388
0.3424 0.4422
0.3599 0.4262
0.3713 0.4216
0.3744 0.4227
0.3832 0.4193
0.3637 0.4241
0.3626 0.4236
0.367 0.4208
0.3796 0.421
0.4618 0.4003
0.5229 0.4048
0.5605 0.4091
0.5645 0.4082
0.564 0.4072
0.564 0.4072
0.5617 0.4071
0.5914 0.5071
0.653 0.484
0.6873 0.4732
0.6681 0.4708
0.6519 0.4573
0.6519 0.4573
0.643 0.4364
0.6358 0.4307
0.6101 0.4448
0.5869 0.4478
0.5802 0.4527
0.6252 0.4091
0.6292 0.4038
0.6266 0.4123
0.6065 0.4185
0.5922 0.4103
0.5871 0.4105
0.577 0.4153
0.5628 0.4427
0.5617 0.4427
0.5601 0.4409
0.5546 0.43
0.5553 0.4537
0.5553 0.4537
0.5587 0.454
0.5568 0.4495
0.5551 0.4444
0.5538 0.4485
0.5552 0.4666
0.5536 0.4756
0.5535 0.4793
0.5526 0.482
0.5475 0.4803
0.5459 0.4807
0.5445 0.4805
0.5426 0.4798
0.5421 0.4794
0.542 0.4793
0.5385 0.4636
0.5424 0.4779
0.5389 0.4623
0.5389 0.4623
0.5388 0.4602
0.5477 0.4528
0.5479 0.4512
0.5474 0.451
0.5475 0.4519
0.5479 0.4508
0.5479 0.4508
0.5524 0.4482
0.6021 0.3556
0.6049 0.3547
0.6053 0.3573
0.605 0.3641
0.6056 0.3694
0.6056 0.3694
0.6044 0.3692
0.6037 0.3596
0.5861 0.3816
0.5763 0.4027
0.5643 0.4252
0.5617 0.4327
0.5617 0.4321
0.5627 0.4278
0.5625 0.428
0.5625 0.4289
0.5627 0.4287
0.5115 0.4425
0.434 0.4611
0.4221 0.4651
0.4186 0.4667
0.4181 0.4653
0.4188 0.4642
0.419 0.4637
0.4206 0.4572
0.4663 0.4541
0.5228 0.438
0.5451 0.4322
0.5559 0.4329
0.5558 0.4337
0.5556 0.4341
0.5606 0.4302
0.558 0.4347
0.5571 0.4363
0.5503 0.4305
0.5288 0.4037
0.5229 0.3961
0.5229 0.3961
0.529 0.3957
0.521 0.4002
0.5203 0.4026
0.52 0.3982
0.5191 0.401
0.5154 0.3907
0.5154 0.3907
0.5232 0.39
0.5265 0.3893
0.5263 0.3883
0.5258 0.3865
0.5215 0.4053
0.521 0.379
0.5226 0.365
0.5223 0.3538
0.5185 0.3482
0.5168 0.3479
0.5168 0.3472
0.4972 0.3627
0.4871 0.3573
0.4871 0.3573
0.4849 0.3404
0.4859 0.3325
0.4842 0.3291
0.4856 0.3292
0.4861 0.3315
0.4873 0.3419
0.4877 0.3447
0.4881 0.3502
0.4906 0.3561
0.4906 0.3561
0.4909 0.361
0.4939 0.3574
0.4937 0.3549
0.4937 0.3549
0.4933 0.3531
0.4923 0.3527
0.4911 0.3541
0.4911 0.3541
0.4899 0.356
0.4881 0.364
0.4878 0.3652
0.4881 0.375
0.4924 0.3724
0.4942 0.3711
0.4961 0.3699
0.4955 0.3756
0.4702 0.3934
0.4702 0.3934
0.4624 0.4072
0.4623 0.4091
0.4624 0.4104
0.4626 0.4112
0.4856 0.3869
0.4961 0.3793
0.4961 0.3793
0.499 0.3774
0.5037 0.374
0.5053 0.3719
0.506 0.3725
0.5066 0.372
0.5049 0.3699
0.5049 0.3699
0.5034 0.3685
0.5021 0.3693
0.502 0.3703
0.5012 0.3712
0.5028 0.3766
0.5055 0.3867
0.5062 0.3884
0.5096 0.3866
0.5075 0.4043
0.5093 0.4025
0.5093 0.4025
0.736 0.756
0.736 0.756
0.736 0.756
0.736 0.756
0.4795 0.6679
0.4157 0.5411
0.4138 0.456
0.4247 0.4379
0.4309 0.4237
0.4134 0.4459
0.4035 0.4577
0.4126 0.4495
0.4154 0.4487
0.4199 0.4484
0.4325 0.4409
0.4362 0.4405
0.4378 0.4409
0.441 0.439
0.4464 0.4403
0.4511 0.4405
0.4511 0.4405
0.458 0.4358
0.4614 0.4356
0.4638 0.4339
0.4689 0.4293
0.4787 0.4155
0.4825 0.4113
0.4852 0.4097
0.4876 0.4101
0.4253 0.4222
0.426 0.4122
0.431 0.4135
0.4523 0.4156
0.4324 0.4148
0.4324 0.4148
0.4074 0.4116
0.3882 0.4037
0.4042 0.4157
0.4313 0.4859
0.4313 0.4859
0.4313 0.4859
0.671 0.7733
0.7676 0.8318
0.7991 0.8644
0.8034 0.8544
0.8034 0.8544
0.7448 0.709
0.7005 0.6678
0.6761 0.6621
0.666 0.6485
0.6434 0.5977
0.6213 0.7066
0.6213 0.7066
0.6131 0.7187
0.6088 0.7159
0.6082 0.7137
0.6076 0.7108
0.6067 0.7095
0.6021 0.7061
0.602 0.7002
0.5994 0.6699
0.6121 0.676
0.6095 0.6609
0.618 0.6298
0.6002 0.6335
0.5964 0.6299
0.5964 0.6299
0.5925 0.6256
0.593 0.6246
0.5934 0.6239
0.5932 0.6234
